id,sepal_length,sepal_width,petal_length,petal_width,redundancy
1,4.57,3.15,1.71,0.04,0
2,4.85,3.38,1.29,0.33,0
3,5.29,3.72,1.57,0.08,0
4,5.55,3.54,1.33,0.39,0
5,5.24,3.73,1.62,0.23,0
6,4.84,3.3,1.66,0.38,0
7,4.92,3.47,1.31,0.39,0
8,5.07,3.42,1.47,0.3,0
9,5.27,2.27,3.77,1.45,0
10,6.92,2.95,4.17,1.01,0
11,6.05,2.37,4.63,1.25,0
12,5.97,3.06,4.48,0.93,0
13,5.38,2.34,4.55,1.35,0
14,5.4,2.84,3.74,1.35,0
15,5.8,3.05,3.53,1.34,0
16,5.69,2.63,3.13,1.35,0
17,5.89,2.1,3.6,1.57,0
18,5.66,2.71,4.31,1.31,0
19,6.2,2.73,3.73,1.37,0
20,5.77,2.45,4.61,1.08,0
21,6.12,2.54,5.66,2.05,0
22,7.04,2.64,4.75,2.09,0
23,6.96,2.52,5.75,1.41,0
24,7.42,3.27,6.25,2.18,0
25,7.64,3.15,5.54,2.14,0
26,7.16,2.86,4.8,2.28,0
27,5.97,2.72,6.04,1.91,0
28,7.85,2.57,5.76,2.09,0
29,4.65,3.06,1.64,0.22,0
30,5.0,3.5,1.57,0.23,0
31,5.45,3.46,1.28,0.14,0
32,4.75,3.52,1.77,0.28,0
33,4.46,2.94,1.3,0.17,0
34,4.46,3.58,1.59,0.29,0
35,5.12,2.88,1.39,0.26,0
36,5.33,3.95,1.77,0.44,0
37,4.84,2.5,5.68,0.97,0
38,5.66,2.7,4.92,1.68,0
39,7.59,2.74,3.4,1.19,0
40,5.73,2.57,4.61,1.11,0
41,6.26,2.63,4.89,1.39,0
42,6.85,3.17,4.51,1.61,0
43,6.25,3.0,4.31,1.51,0
44,6.68,2.92,4.57,1.27,0
45,6.29,2.98,2.99,1.26,0
46,5.28,2.32,3.65,1.74,0
47,5.66,3.13,4.41,1.31,0
48,5.88,2.7,4.06,1.53,0
49,7.38,2.74,5.22,1.97,0
50,6.57,3.06,5.2,2.62,0
51,6.85,2.51,6.11,2.2,0
52,6.4,3.57,6.0,2.19,0
53,7.04,3.4,5.1,1.94,0
54,5.91,2.82,7.29,1.91,0
55,7.2,3.23,4.94,1.95,0
56,6.19,3.58,5.2,1.81,0
57,5.66,3.32,5.63,1.82,0
58,5.2,2.68,1.49,0.24,0
59,4.81,3.92,1.41,0.41,0
60,3.98,4.08,1.16,0.16,0
61,5.12,3.31,1.71,0.03,0
62,5.38,3.07,1.58,0.36,0
63,5.07,3.69,1.74,0.31,0
64,5.06,3.2,1.34,0.37,0
65,5.28,3.62,1.68,0.2,0
66,5.13,3.48,1.25,0.09,0
67,4.63,3.46,1.44,0.24,0
68,5.82,2.8,4.0,1.35,0
69,6.28,2.57,4.34,1.28,0
70,6.71,3.13,4.22,1.29,0
71,6.33,2.58,3.73,1.53,0
72,5.03,2.78,4.34,1.17,0
73,5.86,2.43,4.25,1.15,0
74,5.96,2.88,3.87,1.11,0
75,5.92,2.66,3.84,1.22,0
76,6.16,3.1,4.66,1.27,0
77,6.46,2.86,4.91,1.36,0
78,6.27,2.92,4.08,0.99,0
79,7.05,2.17,5.52,1.94,0
80,6.97,3.19,5.1,1.64,0
81,6.89,2.65,5.83,2.06,0
82,5.69,2.57,4.95,2.15,0
83,5.18,2.78,6.83,2.1,0
84,6.94,3.07,5.7,2.45,0
85,5.35,2.74,5.79,2.06,0
86,5.72,2.59,4.81,1.79,0
87,6.53,3.09,6.4,2.41,0
88,4.67,3.49,1.61,0.27,0
89,4.77,3.54,1.3,-0.02,0
90,5.23,3.68,1.4,0.17,0
91,5.7,3.55,1.48,0.24,0
92,5.39,3.71,1.8,0.27,0
93,4.93,3.39,1.64,0.32,0
94,5.71,3.07,1.48,0.14,0
95,4.86,3.78,1.57,0.06,0
96,5.27,3.91,1.29,0.21,0
97,5.77,2.7,4.52,1.44,0
98,6.45,2.99,4.49,1.75,0
99,6.25,2.52,4.24,1.39,0
100,5.52,2.23,3.82,1.27,0
101,5.21,3.24,4.63,1.54,0
102,5.48,2.67,5.13,1.28,0
103,6.25,2.37,4.16,1.47,0
104,6.43,3.03,4.78,1.7,0
105,6.69,3.75,3.93,1.27,0
106,5.78,2.34,3.7,1.39,0
107,7.28,3.44,6.11,2.38,0
108,5.88,3.47,5.37,2.11,0
109,6.89,3.47,6.28,2.06,0
110,7.41,2.47,5.67,2.22,0
111,6.83,3.1,5.31,1.8,0
112,6.63,3.01,6.52,2.49,0
113,5.79,2.87,5.16,2.6,0
114,7.49,2.52,5.34,2.19,0
115,7.48,3.22,6.54,2.51,0
116,6.97,2.98,5.56,1.78,0
117,6.43,3.65,5.22,1.86,0
118,5.56,2.87,1.51,0.26,0
119,4.83,3.86,1.44,0.17,0
120,5.22,3.58,1.64,0.3,0
121,4.86,3.82,1.57,0.22,0
122,4.81,2.82,1.38,0.16,0
123,5.38,3.22,1.6,0.32,0
124,4.54,3.45,1.43,0.37,0
125,5.05,3.44,1.43,0.28,0
126,4.96,3.56,1.29,0.27,0
127,6.01,3.12,3.98,1.17,0
128,6.17,2.81,3.36,1.19,0
129,6.37,2.37,5.12,1.29,0
130,5.8,2.46,4.04,1.08,0
131,6.14,2.25,4.52,1.37,0
132,6.25,2.19,4.57,1.36,0
133,5.86,1.95,3.92,1.4,0
134,6.53,2.97,5.14,1.29,0
135,6.16,2.48,3.95,1.21,0
136,5.76,3.37,2.99,1.2,0
137,6.61,2.59,6.23,2.0,0
138,5.81,3.16,5.69,2.11,0
139,6.72,3.1,5.6,1.77,0
140,6.03,2.79,4.32,1.64,0
141,6.18,2.92,5.13,1.93,0
142,7.59,3.04,5.15,2.37,0
143,7.37,3.17,5.13,1.35,0
144,8.14,2.77,5.99,2.46,0
145,6.5,3.39,5.83,2.3,0
146,6.84,2.96,5.57,1.83,0
147,6.62,2.7,5.03,2.52,0
148,6.78,2.78,5.54,1.71,0
149,4.61,3.76,1.67,0.15,0
150,4.61,2.64,1.69,0.3,0
151,5.14,3.26,1.46,0.38,0
152,5.17,3.59,1.26,0.17,0
153,5.21,3.08,1.45,0.18,0
154,4.82,3.91,1.31,0.42,0
155,5.11,3.95,1.39,0.27,0
156,5.3,4.01,1.46,0.13,0
157,5.48,3.38,1.61,0.33,0
158,4.55,3.36,1.29,0.1,0
159,6.49,2.73,3.78,1.14,0
160,6.65,3.31,3.68,1.26,0
161,6.03,2.65,5.01,1.27,0
162,5.19,3.02,4.26,1.55,0
163,6.5,2.46,4.86,1.21,0
164,6.47,2.95,4.35,1.25,0
165,6.25,3.09,5.04,1.21,0
166,5.97,2.54,3.79,1.11,0
167,5.29,2.44,4.27,1.33,0
168,6.25,3.44,6.31,1.81,0
169,6.38,2.98,5.78,2.09,0
170,5.18,2.91,5.82,1.97,0
171,6.88,3.07,5.6,2.32,0
172,6.52,3.42,5.52,1.45,0
173,6.63,3.09,5.61,2.33,0
174,6.0,3.11,5.28,1.81,0
175,6.14,3.28,4.58,1.73,0
176,5.98,3.08,5.63,1.91,0
177,6.28,2.88,5.43,2.44,0
178,5.03,3.48,1.35,0.17,0
179,5.46,3.62,1.48,0.24,0
180,5.0,3.57,1.48,0.39,0
181,4.64,3.54,1.33,0.17,0
182,5.56,3.51,1.39,0.39,0
183,5.26,2.35,1.28,0.3,0
184,4.57,3.47,1.63,0.08,0
185,4.68,3.88,1.38,0.09,0
186,4.23,3.17,1.27,0.29,0
187,5.23,3.72,1.38,0.47,0
188,6.47,2.73,4.63,1.08,0
189,6.34,2.96,4.79,1.27,0
190,6.09,2.48,5.16,1.54,0
191,5.87,2.38,4.44,1.23,0
192,7.19,3.04,4.07,1.09,0
193,6.75,2.81,4.12,1.46,0
194,6.1,3.05,4.51,1.66,0
195,6.23,2.63,4.16,1.33,0
196,4.58,2.16,4.03,1.19,0
197,5.5,2.94,4.28,1.43,0
198,6.34,3.05,4.58,2.11,0
199,6.01,2.32,5.64,1.85,0
200,7.02,2.48,5.42,2.2,0
201,7.25,3.07,6.21,1.66,0
202,6.78,3.42,4.91,2.04,0
203,6.58,3.07,5.91,2.07,0
204,6.85,3.04,5.89,2.12,0
205,8.03,3.17,4.46,2.37,0
206,6.27,2.68,5.66,1.98,0
207,5.87,3.74,4.91,2.4,0
208,4.78,3.43,1.26,0.14,0
209,5.26,3.22,1.65,0.18,0
210,4.69,3.69,1.39,0.33,0
211,5.8,3.07,1.52,0.32,0
212,5.3,3.0,1.23,0.17,0
213,4.83,4.33,1.29,0.29,0
214,4.77,3.15,1.53,0.39,0
215,5.36,3.51,1.54,0.36,0
216,4.93,3.27,1.43,0.28,0
217,6.02,2.85,4.43,1.27,0
218,6.72,2.74,4.97,1.89,0
219,6.3,2.34,3.45,1.13,0
220,6.1,2.44,3.65,1.5,0
221,6.58,2.53,3.54,1.16,0
222,5.85,2.33,4.24,1.34,0
223,5.62,2.62,5.18,1.32,0
224,6.78,2.51,3.39,1.43,0
225,6.37,2.54,4.72,1.18,0
226,6.75,2.83,4.33,1.53,0
227,5.18,2.86,4.6,1.97,0
228,6.71,2.96,5.87,1.81,0
229,6.46,2.87,6.27,2.17,0
230,6.82,2.92,5.61,2.16,0
231,6.32,3.63,5.34,2.25,0
232,7.6,2.64,6.42,2.24,0
233,6.52,2.65,6.02,2.14,0
234,6.44,2.73,6.14,2.09,0
235,4.86,3.91,1.66,0.18,0
236,5.23,3.09,1.4,0.23,0
237,5.32,2.62,1.49,0.19,0
238,4.61,3.81,1.42,0.14,0
239,4.39,3.85,1.26,0.25,0
240,4.73,3.64,1.64,0.24,0
241,5.08,2.46,1.6,0.29,0
242,4.64,3.75,1.62,0.28,0
243,5.09,3.78,1.39,0.31,0
244,5.11,2.61,1.56,0.27,0
245,5.92,2.41,4.68,1.14,0
246,5.61,2.78,3.6,1.31,0
247,6.08,2.95,4.26,1.31,0
248,6.87,2.55,4.46,1.66,0
249,5.31,3.07,3.32,1.18,0
250,6.55,2.76,4.21,0.97,0
251,6.6,3.21,4.59,1.63,0
252,5.91,2.64,4.91,1.09,0
253,4.39,2.88,4.11,1.23,0
254,6.3,3.1,6.18,1.95,0
255,6.03,2.91,5.82,1.6,0
256,5.83,3.07,5.23,1.91,0
257,5.83,3.51,4.66,2.26,0
258,6.56,2.75,6.19,2.16,0
259,7.11,3.23,5.24,2.43,0
260,5.53,3.15,5.81,2.46,0
261,6.92,3.44,5.75,2.06,0
262,5.3,3.52,1.33,0.2,0
263,4.94,2.72,1.42,0.16,0
264,5.09,2.95,1.55,0.44,0
265,5.15,3.3,1.53,0.37,0
266,5.56,3.75,1.35,0.2,0
267,4.36,2.64,1.69,0.3,0
268,5.21,3.02,1.36,0.21,0
269,5.23,3.23,1.28,0.39,0
270,5.42,3.5,1.95,0.35,0
271,5.83,3.41,3.85,1.24,0
272,6.61,2.22,4.59,1.31,0
273,5.68,2.22,4.78,1.4,0
274,6.1,2.79,4.24,1.48,0
275,6.24,3.3,3.79,1.33,0
276,5.09,2.6,4.49,1.29,0
277,6.15,2.74,4.61,1.32,0
278,5.46,2.85,4.42,1.61,0
279,5.62,2.84,3.48,1.06,0
280,6.26,2.73,4.12,1.23,0
281,6.29,2.75,4.44,1.06,0
282,6.11,2.69,4.98,1.19,0
283,6.31,3.04,6.2,2.04,0
284,5.88,2.75,4.92,2.42,0
285,6.88,3.25,5.61,2.12,0
286,7.15,3.6,5.95,2.08,0
287,6.86,3.15,5.96,1.85,0
288,7.38,3.0,5.99,2.11,0
289,7.17,2.47,5.19,1.96,0
290,6.55,2.69,5.47,1.86,0
291,6.37,2.82,5.09,2.72,0
292,5.32,2.75,1.53,0.37,0
293,5.71,3.23,1.2,0.32,0
294,4.38,3.58,1.26,0.19,0
295,4.8,3.78,1.78,0.26,0
296,5.09,4.39,1.48,0.13,0
297,5.09,3.41,1.59,0.19,0
298,4.73,2.72,1.33,0.22,0
299,4.84,3.43,1.68,0.2,0
300,6.51,2.85,5.12,1.13,0
301,6.27,3.38,3.86,1.47,0
302,5.09,2.71,4.54,1.16,0
303,6.19,2.51,4.13,1.28,0
304,6.55,2.18,3.87,1.25,0
305,5.26,2.53,4.55,1.43,0
306,5.29,2.56,4.01,1.24,0
307,5.94,2.58,5.3,1.61,0
308,6.14,3.12,4.7,0.95,0
309,7.54,2.96,4.75,1.26,0
310,5.18,2.24,4.67,1.36,0
311,6.7,2.77,3.61,1.62,0
312,6.26,3.45,5.26,1.94,0
313,7.33,3.38,5.04,1.76,0
314,7.27,2.91,5.9,1.95,0
315,6.68,3.19,5.38,2.09,0
316,7.93,2.8,5.35,2.39,0
317,6.76,2.87,5.14,1.59,0
318,7.21,3.38,6.47,2.33,0
319,7.01,3.01,5.04,2.12,0
320,7.53,2.95,5.69,2.45,0
321,6.99,2.98,6.31,2.17,0
322,4.92,3.82,1.27,0.31,0
323,4.94,3.03,1.29,0.28,0
324,5.06,4.1,1.25,0.24,0
325,5.25,3.36,1.29,0.1,0
326,5.14,2.84,1.24,0.11,0
327,5.26,3.56,1.43,0.22,0
328,4.8,3.27,1.39,0.18,0
329,5.31,3.8,1.61,0.16,0
330,6.53,3.05,4.11,1.37,0
331,5.97,3.07,3.88,1.37,0
332,5.79,2.82,4.42,1.41,0
333,5.17,2.3,4.68,1.59,0
334,6.08,2.91,5.14,1.56,0
335,5.95,3.08,4.36,1.2,0
336,6.03,2.41,4.2,1.26,0
337,5.83,3.23,4.09,1.49,0
338,5.73,2.55,5.07,1.61,0
339,6.09,2.95,3.97,1.54,0
340,7.16,3.68,5.26,1.67,0
341,7.65,2.33,5.31,1.74,0
342,6.38,3.04,5.33,2.44,0
343,6.76,3.13,6.15,2.15,0
344,5.53,2.91,5.62,2.2,0
345,5.52,2.94,5.98,2.15,0
346,5.89,3.28,4.9,2.3,0
347,7.03,3.06,5.65,2.15,0
348,7.2,2.96,4.86,1.84,0
349,7.49,2.78,5.49,2.22,0
350,6.31,3.32,5.46,2.23,0
351,7.41,3.63,5.31,2.18,0
352,5.84,3.35,1.76,0.34,0
353,4.96,3.35,1.35,0.44,0
354,4.79,3.28,1.74,0.28,0
355,5.17,4.0,1.55,0.4,0
356,5.34,3.5,1.6,0.33,0
357,5.49,4.0,1.39,0.18,0
358,5.21,2.36,1.48,0.27,0
359,5.24,3.83,1.39,0.14,0
360,5.21,2.27,3.98,1.9,0
361,5.29,2.33,4.15,1.09,0
362,5.63,2.41,4.66,1.28,0
363,5.73,2.66,3.65,1.46,0
364,5.34,2.82,3.63,1.47,0
365,6.39,3.04,4.04,1.37,0
366,6.9,2.96,3.56,0.88,0
367,5.64,3.02,4.51,1.41,0
368,7.22,2.71,4.95,1.41,0
369,6.29,2.23,4.9,2.08,0
370,6.79,2.93,5.87,2.03,0
371,7.35,2.89,5.93,1.34,0
372,6.57,3.17,5.55,2.16,0
373,7.04,3.25,4.95,2.12,0
374,6.83,2.57,6.84,1.89,0
375,5.6,2.29,5.97,1.83,0
376,6.24,2.97,5.55,1.93,0
377,4.97,3.47,1.22,0.35,0
378,5.03,3.4,1.28,0.19,0
379,4.95,3.53,1.6,0.17,0
380,4.93,3.52,1.68,0.04,0
381,5.3,3.86,1.4,0.17,0
382,4.48,3.14,1.53,0.1,0
383,5.23,2.99,0.93,-0.04,0
384,4.79,4.02,1.18,0.19,0
385,4.82,3.26,1.32,0.21,0
386,5.07,3.47,1.43,0.28,0
387,4.22,3.39,1.46,0.35,0
388,6.26,2.64,4.18,1.28,0
389,4.38,3.07,4.37,1.22,0
390,6.31,3.01,4.18,1.6,0
391,6.43,2.74,4.59,1.07,0
392,6.19,2.92,4.27,1.27,0
393,5.97,2.78,4.13,1.67,0
394,6.59,2.67,3.82,1.59,0
395,6.76,2.55,3.77,1.27,0
396,6.33,2.88,4.73,1.47,0
397,5.86,2.47,4.53,1.35,0
398,5.94,3.05,4.43,1.43,0
399,6.18,2.55,6.17,2.37,0
400,6.25,3.16,4.54,1.63,0
401,6.41,2.85,5.58,2.07,0
402,7.22,3.51,5.57,1.92,0
403,6.28,2.92,5.28,2.02,0
404,7.11,2.49,5.19,2.1,0
405,6.77,3.25,6.1,1.7,0
406,7.27,2.59,6.18,1.67,0
407,5.84,2.98,4.8,1.93,0
408,5.92,2.43,5.46,1.65,0
409,5.94,2.97,5.93,2.03,0
410,4.6,3.16,1.33,0.11,0
411,5.54,3.4,1.31,0.11,0
412,5.28,2.91,1.44,0.09,0
413,5.06,2.85,1.45,0.3,0
414,5.52,3.27,1.13,0.29,0
415,5.21,3.2,1.52,0.21,0
416,5.5,3.37,1.57,0.26,0
417,5.32,3.53,1.75,0.2,0
418,5.33,2.73,1.44,0.13,0
419,4.46,3.56,1.33,0.28,0
420,5.32,3.36,1.43,0.35,0
421,5.14,3.76,1.36,0.19,0
422,5.73,2.97,4.54,1.57,0
423,5.9,2.22,4.33,1.07,0
424,6.05,2.69,4.16,1.51,0
425,5.79,3.56,4.64,1.42,0
426,6.39,3.12,4.93,1.41,0
427,6.24,3.24,4.46,1.28,0
428,6.52,2.65,4.7,1.43,0
429,5.03,2.8,4.4,1.34,0
430,6.23,2.69,3.19,1.36,0
431,5.9,2.54,3.94,1.57,0
432,6.37,3.0,4.86,1.66,0
433,6.13,2.85,4.3,1.27,0
434,6.21,2.9,5.99,2.33,0
435,5.94,2.73,5.58,1.64,0
436,8.35,3.22,4.97,1.83,0
437,5.99,3.09,5.4,2.12,0
438,5.44,2.87,5.94,2.5,0
439,5.05,3.04,5.98,1.67,0
440,8.06,2.69,6.25,1.76,0
441,6.07,3.2,6.35,2.34,0
442,7.0,3.18,5.51,1.85,0
443,6.29,3.41,5.85,2.16,0
444,5.46,3.35,6.94,1.87,0
445,5.29,4.0,1.53,0.33,0
446,4.49,3.55,1.36,0.14,0
447,5.03,4.19,1.76,0.25,0
448,5.09,3.86,1.63,0.42,0
449,5.0,4.41,1.74,0.18,0
450,4.94,3.49,1.71,-0.03,0
451,5.14,3.49,1.41,0.29,0
452,4.34,3.37,1.41,0.17,0
453,6.21,2.78,5.08,1.84,0
454,5.8,2.51,4.7,1.11,0
455,5.25,3.1,4.1,1.18,0
456,5.69,3.31,3.75,1.4,0
457,5.86,2.84,4.52,0.85,0
458,6.26,3.12,3.8,1.24,0
459,5.06,2.36,4.52,1.3,0
460,6.86,2.84,5.74,1.65,0
461,6.76,2.97,4.67,1.68,0
462,6.32,2.74,3.76,1.36,0
463,6.19,3.26,4.09,1.46,0
464,6.49,3.13,4.14,1.24,0
465,6.85,3.4,5.71,2.05,0
466,7.38,3.38,5.9,1.84,0
467,5.68,3.06,5.6,2.38,0
468,5.89,2.92,5.75,2.15,0
469,6.09,3.3,6.41,2.35,0
470,7.71,2.86,5.57,1.72,0
471,6.16,3.42,5.29,2.25,0
472,6.99,2.77,4.94,1.92,0
473,5.29,3.42,1.29,0.26,0
474,5.25,3.33,1.51,0.32,0
475,5.1,3.59,1.8,0.24,0
476,4.64,3.01,1.46,0.27,0
477,5.67,3.3,1.31,0.23,0
478,4.67,3.1,1.24,0.33,0
479,4.45,3.95,1.36,0.31,0
480,5.01,3.11,1.43,0.29,0
481,4.52,3.19,1.51,0.12,0
482,5.23,3.45,1.5,0.17,0
483,5.21,4.16,1.62,0.16,0
484,5.76,3.5,1.65,0.13,0
485,6.04,2.57,4.29,1.56,0
486,6.33,2.33,3.76,1.34,0
487,5.38,3.07,4.69,1.33,0
488,6.65,3.02,4.23,1.36,0
489,6.34,2.43,4.19,1.53,0
490,6.4,2.65,3.84,1.68,0
491,5.7,2.34,4.45,0.92,0
492,5.15,3.13,3.98,1.84,0
493,5.27,3.22,3.79,1.4,0
494,6.09,2.86,4.09,1.28,0
495,6.8,2.92,5.5,1.82,0
496,5.87,2.97,5.9,1.84,0
497,5.74,2.88,5.52,1.95,0
498,6.95,3.02,5.65,1.23,0
499,5.77,3.04,4.84,1.75,0
500,6.59,2.5,5.13,2.58,0
501,5.96,3.04,6.19,2.25,0
502,5.92,2.59,4.89,1.99,0
503,4.89,3.25,1.29,0.2,0
504,4.87,3.87,1.49,0.34,0
505,4.74,2.76,1.54,0.57,0
506,4.92,3.65,1.44,0.2,0
507,4.61,2.96,1.52,0.26,0
508,5.04,4.38,1.61,0.13,0
509,5.39,3.14,1.59,0.18,0
510,4.27,3.28,1.43,0.29,0
511,4.97,3.31,1.09,0.23,0
512,5.1,3.34,1.21,0.18,0
513,5.73,3.11,1.47,0.09,0
514,6.78,3.19,4.3,1.51,0
515,6.57,2.79,4.33,1.37,0
516,6.02,2.73,5.26,0.91,0
517,6.41,3.09,3.57,1.33,0
518,6.88,2.23,3.83,1.68,0
519,5.46,2.63,4.74,1.23,0
520,6.35,2.98,4.43,0.89,0
521,6.35,3.14,4.25,1.33,0
522,5.75,2.78,6.25,2.12,0
523,7.31,2.97,5.66,2.08,0
524,6.15,2.82,4.76,1.86,0
525,6.42,2.56,6.51,1.96,0
526,7.18,2.85,5.21,1.97,0
527,6.69,3.58,5.59,2.09,0
528,5.77,3.35,5.06,1.83,0
529,6.28,3.27,5.46,2.02,0
530,6.72,2.52,5.47,2.12,0
531,4.9,2.51,1.34,0.33,0
532,4.89,3.13,1.51,0.28,0
533,5.17,3.29,1.38,0.25,0
534,4.85,3.49,1.92,0.53,0
535,4.9,2.53,1.59,0.22,0
536,4.9,3.35,1.44,0.31,0
537,5.31,3.21,1.7,0.22,0
538,4.84,3.4,1.33,0.09,0
539,5.32,3.13,1.43,0.19,0
540,4.86,3.87,1.15,0.36,0
541,5.17,3.14,1.45,0.23,0
542,4.52,3.28,1.86,0.32,0
543,5.53,2.7,4.56,1.12,0
544,5.46,2.83,4.09,1.24,0
545,6.52,2.74,3.68,1.27,0
546,6.05,3.16,5.21,1.38,0
547,6.47,2.59,4.29,1.41,0
548,5.78,3.14,4.35,1.44,0
549,6.92,2.65,4.28,1.28,0
550,5.03,2.99,4.32,1.02,0
551,5.35,2.36,3.97,1.2,0
552,6.43,2.81,4.35,1.59,0
553,6.55,3.46,5.95,2.74,0
554,7.63,2.64,5.68,1.74,0
555,5.27,3.01,6.2,2.56,0
556,7.38,3.09,5.4,2.33,0
557,7.16,3.34,5.0,1.9,0
558,7.27,2.95,6.18,2.26,0
559,7.34,3.28,5.56,1.92,0
560,6.65,3.12,5.55,1.42,0
561,6.57,2.62,5.52,1.86,0
562,5.49,3.73,5.48,2.08,0
563,7.2,3.04,4.59,2.02,0
564,5.14,3.55,1.59,0.22,0
565,5.41,3.41,1.73,0.26,0
566,5.47,3.8,1.43,0.19,0
567,5.32,3.33,1.6,0.2,0
568,5.33,3.39,1.51,0.21,0
569,5.07,3.71,1.58,0.3,0
570,4.65,3.38,1.39,0.32,0
571,5.01,3.24,1.53,0.33,0
572,5.17,3.48,1.44,0.25,0
573,5.64,2.93,4.12,1.46,0
574,5.62,1.89,5.03,1.52,0
575,5.5,2.94,4.71,1.85,0
576,5.98,2.98,3.37,1.32,0
577,5.7,2.66,4.47,0.67,0
578,6.69,3.1,3.64,1.59,0
579,6.38,2.63,5.28,1.76,0
580,5.26,2.47,4.95,1.46,0
581,5.44,2.56,4.07,1.37,0
582,6.07,3.1,4.4,1.3,0
583,6.11,2.91,3.88,1.45,0
584,6.28,2.84,4.19,1.15,0
585,7.14,2.84,5.42,2.27,0
586,6.21,2.7,6.03,1.99,0
587,6.98,2.7,5.07,2.1,0
588,6.73,2.97,5.51,2.09,0
589,6.43,3.08,5.36,1.78,0
590,6.91,2.95,5.09,2.26,0
591,6.85,2.88,5.66,2.12,0
592,6.89,3.12,5.55,2.47,0
593,7.07,3.79,4.91,2.55,0
594,4.77,3.14,4.87,1.97,0
595,6.29,2.35,5.21,1.7,0
596,5.07,2.79,1.35,0.18,0
597,5.47,3.55,1.55,0.19,0
598,4.73,3.75,1.45,0.25,0
599,5.25,3.64,1.78,0.21,0
600,4.77,3.69,1.64,0.26,0
601,4.59,3.19,1.29,0.1,0
602,5.29,3.42,1.32,0.2,0
603,4.91,3.72,1.63,0.32,0
604,5.19,3.59,1.45,0.39,0
605,4.87,3.21,1.16,0.1,0
606,4.86,3.01,1.58,0.16,0
607,6.15,3.02,4.69,1.21,0
608,6.38,2.34,4.83,1.79,0
609,6.51,3.18,5.05,1.27,0
610,4.98,2.49,4.29,1.32,0
611,6.82,3.06,4.43,1.39,0
612,6.43,3.21,4.36,1.57,0
613,5.59,2.43,4.33,1.2,0
614,6.72,3.29,4.04,1.46,0
615,5.97,3.08,5.02,1.5,0
616,5.27,2.53,3.58,0.97,0
617,5.34,3.11,5.52,2.09,0
618,6.77,2.62,6.42,2.13,0
619,6.55,2.81,5.47,1.99,0
620,7.02,2.9,4.86,2.14,0
621,6.6,2.63,4.86,1.97,0
622,7.25,3.51,6.02,1.71,0
623,7.48,3.11,5.78,2.23,0
624,7.29,3.04,6.33,2.29,0
625,6.43,3.36,5.99,1.85,0
626,7.69,3.18,5.72,1.57,0
627,7.78,2.77,6.2,2.13,0
628,6.6,3.18,5.16,1.96,0
629,4.42,3.69,1.57,0.23,0
630,5.19,3.63,1.61,0.33,0
631,5.15,2.93,1.57,0.06,0
632,4.74,3.32,1.57,0.5,0
633,5.2,3.15,1.46,0.22,0
634,5.01,3.62,1.45,0.31,0
635,5.28,3.6,1.74,0.28,0
636,5.6,2.94,1.77,0.31,0
637,5.63,3.17,1.26,0.27,0
638,6.2,2.72,4.94,1.38,0
639,5.96,3.18,4.53,1.4,0
640,5.64,2.41,4.87,0.99,0
641,6.0,2.73,4.53,1.36,0
642,6.69,2.77,5.06,1.6,0
643,6.18,2.28,4.09,1.37,0
644,6.25,2.78,4.27,1.1,0
645,6.65,3.28,4.94,1.14,0
646,5.81,3.21,4.12,1.27,0
647,5.12,3.3,4.3,1.28,0
648,6.63,2.43,6.3,2.12,0
649,6.8,2.7,5.76,2.25,0
650,6.6,3.22,5.25,1.9,0
651,5.76,2.6,5.87,2.15,0
652,6.49,3.11,5.48,1.71,0
653,5.97,2.85,4.89,2.14,0
654,6.94,3.0,6.31,2.42,0
655,6.58,3.01,6.32,2.27,0
656,5.05,2.97,1.47,0.31,0
657,4.23,3.37,1.44,0.12,0
658,5.27,3.46,1.27,0.23,0
659,4.45,3.19,1.35,0.2,0
660,4.91,3.84,1.35,0.18,0
661,5.23,2.51,1.49,0.23,0
662,5.46,3.41,1.47,0.09,0
663,4.91,4.08,1.52,0.38,0
664,4.63,3.32,1.69,0.12,0
665,4.97,3.92,1.45,0.13,0
666,4.83,3.57,1.34,0.2,0
667,6.57,3.29,4.44,1.26,0
668,6.04,2.72,4.87,1.39,0
669,5.71,2.54,4.08,1.2,0
670,6.28,2.49,4.85,1.66,0
671,5.6,2.45,3.6,1.61,0
672,7.2,2.94,3.96,1.25,0
673,6.06,2.42,4.47,1.39,0
674,6.13,3.12,4.16,1.33,0
675,4.94,3.14,5.91,2.04,0
676,6.1,3.07,6.07,2.08,0
677,5.98,3.24,5.2,2.31,0
678,6.63,3.18,5.07,1.82,0
679,7.11,2.81,5.82,1.85,0
680,6.62,2.86,5.0,1.64,0
681,6.21,2.85,5.77,2.08,0
682,4.92,2.93,5.34,1.9,0
683,6.82,3.05,5.1,1.83,0
684,7.18,3.06,6.06,2.17,0
685,6.54,2.67,5.66,1.76,0
686,7.72,2.63,5.03,1.76,0
687,4.9,3.25,1.39,0.08,0
688,4.91,2.59,1.65,0.09,0
689,5.19,3.72,1.47,0.19,0
690,4.95,3.54,1.25,0.25,0
691,5.25,3.41,1.45,0.46,0
692,4.89,2.78,1.62,0.19,0
693,4.9,3.22,1.36,0.22,0
694,5.1,4.26,1.4,0.12,0
695,4.99,3.37,1.28,0.32,0
696,5.1,3.4,1.78,-0.05,0
697,5.23,3.87,1.6,0.36,0
698,5.36,3.06,3.38,1.54,0
699,6.59,2.48,4.82,1.3,0
700,4.84,2.69,4.4,1.39,0
701,6.18,2.85,4.91,1.26,0
702,5.82,2.38,4.2,1.31,0
703,5.8,2.4,5.04,0.97,0
704,6.14,2.43,3.88,1.29,0
705,6.56,2.44,3.93,1.18,0
706,6.86,2.77,4.74,1.28,0
707,6.96,2.67,4.7,2.01,0
708,7.18,3.1,4.86,2.06,0
709,6.48,2.82,6.14,1.69,0
710,7.15,3.03,5.18,2.08,0
711,7.24,2.97,5.85,1.99,0
712,6.63,2.56,4.85,2.03,0
713,5.5,2.25,5.57,2.07,0
714,6.53,3.47,6.84,2.1,0
715,4.8,3.51,1.36,0.14,0
716,4.39,2.88,1.81,0.23,0
717,5.31,3.4,0.98,0.41,0
718,5.12,3.33,1.44,0.04,0
719,5.47,3.46,1.5,0.15,0
720,5.24,3.09,1.49,0.22,0
721,4.37,2.6,1.56,0.05,0
722,4.81,2.78,1.21,0.17,0
723,4.81,3.56,1.22,0.15,0
724,4.6,4.02,1.21,0.4,0
725,4.75,3.58,1.52,0.15,0
726,5.1,3.58,1.52,0.2,0
727,6.6,2.83,4.55,1.39,0
728,5.74,2.9,4.46,1.29,0
729,6.22,2.39,4.0,1.21,0
730,5.75,2.26,4.42,1.26,0
731,6.56,2.84,5.68,1.26,0
732,5.47,2.38,4.13,1.6,0
733,5.41,2.9,5.21,1.56,0
734,5.8,3.0,4.59,0.93,0
735,6.37,2.43,3.61,1.57,0
736,7.76,2.78,4.49,1.22,0
737,5.98,2.86,5.41,1.68,0
738,5.32,2.63,5.15,1.43,0
739,7.0,2.65,5.87,1.85,0
740,7.32,2.7,6.03,2.28,0
741,6.98,2.93,5.14,2.3,0
742,6.18,3.36,4.01,1.71,0
743,6.23,3.02,6.25,2.28,0
744,6.65,2.93,4.99,2.33,0
745,6.24,2.89,6.74,2.02,0
746,6.56,3.05,5.27,2.07,0
747,6.26,3.25,6.18,1.69,0
748,6.15,3.47,5.47,1.74,0
749,5.33,2.92,1.32,0.33,0
750,4.74,3.69,1.37,0.14,0
751,5.92,3.38,1.77,0.28,0
752,5.15,3.7,1.33,0.23,0
753,4.8,3.46,1.34,0.31,0
754,5.55,4.13,1.64,0.29,0
755,4.38,3.25,0.92,0.23,0
756,5.21,3.94,1.52,0.23,0
757,6.4,3.29,4.09,1.37,0
758,5.59,2.8,3.99,1.45,0
759,6.25,2.58,3.79,1.13,0
760,6.35,3.23,3.37,1.13,0
761,5.91,2.49,4.84,1.22,0
762,5.61,2.87,5.21,1.49,0
763,6.66,2.93,3.16,1.07,0
764,5.69,2.47,4.4,1.53,0
765,5.8,2.77,3.95,1.34,0
766,7.22,2.89,4.86,1.72,0
767,6.88,3.5,5.82,2.07,0
768,6.88,3.08,5.63,2.34,0
769,7.65,2.65,4.5,1.62,0
770,6.18,2.41,4.71,1.98,0
771,6.51,2.6,6.23,1.46,0
772,7.61,2.6,6.31,2.14,0
773,7.41,3.07,5.43,2.19,0
774,7.18,2.84,6.32,1.95,0
775,4.78,3.04,1.45,0.31,0
776,4.96,3.24,1.43,0.31,0
777,4.81,2.79,1.46,0.34,0
778,4.99,3.44,1.68,0.15,0
779,4.65,3.55,1.1,0.29,0
780,5.3,3.83,1.31,0.34,0
781,4.81,2.94,1.47,0.2,0
782,5.61,2.47,1.34,0.17,0
783,5.14,3.45,1.41,0.23,0
784,4.56,3.69,1.19,0.28,0
785,5.26,3.26,1.24,0.22,0
786,5.2,3.93,1.17,0.24,0
787,5.75,3.29,3.99,1.42,0
788,5.98,2.92,4.4,1.12,0
789,5.63,3.11,3.88,1.33,0
790,5.82,2.91,4.11,1.28,0
791,6.52,2.37,3.71,1.31,0
792,6.03,2.57,4.95,1.46,0
793,5.7,2.84,4.77,1.22,0
794,5.9,1.98,4.48,1.24,0
795,6.24,2.95,4.74,0.99,0
796,5.96,3.33,4.69,1.52,0
797,6.78,2.78,5.35,1.98,0
798,6.73,3.66,5.7,2.58,0
799,6.97,2.85,6.59,1.58,0
800,6.07,2.55,6.35,1.85,0
801,5.93,3.15,4.58,2.06,0
802,7.83,3.2,5.58,1.94,0
803,7.32,2.88,5.33,2.18,0
804,7.19,2.91,5.74,2.05,0
805,6.59,2.82,4.56,2.3,0
806,4.81,2.35,6.06,2.0,0
807,5.77,3.14,5.45,2.07,0
808,6.95,3.11,5.84,2.34,0
809,4.74,3.23,1.39,0.33,0
810,4.41,4.37,1.63,0.14,0
811,4.94,3.48,1.63,0.21,0
812,5.29,3.22,1.62,0.18,0
813,4.88,3.24,1.53,0.28,0
814,5.1,3.44,1.78,0.06,0
815,5.39,3.31,1.49,0.24,0
816,4.87,2.63,1.18,0.06,0
817,5.16,2.87,1.54,0.26,0
818,4.73,3.1,1.47,0.46,0
819,4.92,2.89,4.35,1.2,0
820,5.51,2.85,4.63,1.24,0
821,6.04,3.22,4.92,1.5,0
822,6.66,3.08,4.55,1.16,0
823,6.14,3.07,4.04,1.51,0
824,6.4,2.42,3.91,1.38,0
825,6.53,2.8,4.03,1.1,0
826,5.97,2.43,4.02,1.64,0
827,6.53,2.81,4.88,0.99,0
828,5.89,2.76,4.54,1.5,0
829,5.58,2.67,3.7,1.15,0
830,6.4,2.6,4.21,1.16,0
831,7.1,3.22,4.77,2.07,0
832,6.9,3.38,5.2,1.86,0
833,7.24,2.99,5.83,2.44,0
834,5.88,2.65,5.12,1.91,0
835,7.4,3.26,4.51,2.01,0
836,6.89,2.59,6.09,2.12,0
837,7.28,2.33,5.13,1.75,0
838,6.83,3.02,5.5,2.09,0
839,4.69,3.42,1.52,0.23,0
840,4.4,4.08,1.3,0.27,0
841,5.22,2.97,1.37,0.29,0
842,4.97,3.1,1.47,0.17,0
843,4.6,3.43,1.38,0.32,0
844,4.41,3.29,1.22,0.22,0
845,5.44,2.52,1.45,0.26,0
846,4.69,3.45,1.58,0.24,0
847,4.55,3.35,1.57,0.33,0
848,4.74,3.07,1.45,0.28,0
849,5.35,3.06,1.33,0.33,0
850,4.92,2.78,1.33,0.14,0
851,5.67,2.92,4.55,1.52,0
852,5.6,3.09,4.77,1.46,0
853,5.12,2.94,3.89,1.15,0
854,6.87,2.9,4.82,0.92,0
855,5.77,2.83,4.94,1.77,0
856,6.22,2.79,4.55,1.51,0
857,5.84,2.55,4.84,1.42,0
858,5.54,2.73,4.27,1.0,0
859,6.27,2.94,4.21,1.41,0
860,6.28,2.91,3.48,1.44,0
861,6.07,2.25,4.0,1.27,0
862,7.03,2.42,5.02,2.11,0
863,6.32,2.35,5.91,1.76,0
864,7.99,3.08,5.37,2.28,0
865,5.92,3.01,5.3,1.76,0
866,6.12,2.73,5.14,1.35,0
867,6.59,2.96,5.36,1.99,0
868,7.27,3.05,5.32,2.17,0
869,6.36,3.25,4.74,2.13,0
870,5.92,2.67,5.95,1.94,0
871,4.89,3.83,1.48,0.17,0
872,3.9,3.4,1.58,0.12,0
873,4.75,3.85,1.38,0.24,0
874,4.82,3.23,1.11,0.17,0
875,4.52,3.64,1.28,0.24,0
876,5.46,3.45,1.6,0.24,0
877,4.78,3.31,1.4,0.12,0
878,4.71,3.96,1.19,0.24,0
879,5.16,3.01,1.49,0.35,0
880,6.3,2.57,4.71,1.4,0
881,5.97,3.66,4.08,1.11,0
882,6.29,2.97,4.52,1.38,0
883,5.96,3.2,3.56,1.23,0
884,5.94,2.3,4.89,1.41,0
885,6.54,3.07,4.41,1.14,0
886,6.01,2.82,3.35,1.68,0
887,6.27,2.69,4.07,1.54,0
888,6.61,3.07,5.37,2.05,0
889,7.13,3.4,4.23,1.85,0
890,5.15,2.51,5.15,1.74,0
891,6.71,2.6,6.07,2.51,0
892,6.66,2.57,6.18,1.96,0
893,5.73,3.01,6.22,1.87,0
894,6.15,2.64,4.7,1.95,0
895,5.6,2.65,6.36,2.1,0
896,6.77,2.86,5.89,1.91,0
897,4.45,2.94,1.28,0.36,0
898,5.28,3.68,1.18,0.24,0
899,5.17,3.15,1.3,0.31,0
900,5.26,3.28,1.46,0.31,0
901,4.93,3.19,1.45,0.42,0
902,5.13,3.72,1.32,0.27,0
903,5.1,3.3,1.57,0.31,0
904,4.95,3.05,1.33,0.13,0
905,5.38,3.04,1.51,0.22,0
906,5.18,2.62,4.15,1.4,0
907,7.16,2.62,4.38,1.08,0
908,6.12,2.44,5.07,1.47,0
909,5.9,2.7,4.11,1.41,0
910,5.25,3.0,4.84,1.33,0
911,6.64,2.76,4.96,1.67,0
912,5.82,2.25,4.44,1.55,0
913,5.61,2.06,4.32,1.48,0
914,6.51,3.37,3.84,1.61,0
915,5.55,2.83,5.08,1.29,0
916,6.0,2.92,3.94,1.64,0
917,6.33,2.98,4.77,1.23,0
918,5.96,3.12,5.92,2.35,0
919,6.47,3.42,6.28,1.86,0
920,6.09,3.18,5.44,2.47,0
921,7.16,2.65,5.76,2.08,0
922,7.27,2.91,5.46,2.01,0
923,6.1,3.23,5.7,2.34,0
924,7.13,3.16,5.05,1.63,0
925,5.38,2.45,4.47,2.28,0
926,6.87,2.88,5.26,1.89,0
927,6.13,3.25,5.43,2.09,0
928,6.55,2.48,5.3,2.26,0
929,4.61,3.3,1.47,0.47,0
930,5.61,3.97,1.37,0.26,0
931,4.67,3.3,1.24,0.19,0
932,4.62,3.04,1.73,0.29,0
933,5.07,3.8,1.4,0.3,0
934,5.4,3.15,1.37,0.28,0
935,4.88,3.64,1.52,0.27,0
936,4.9,3.13,1.52,0.22,0
937,4.7,2.96,1.55,0.2,0
938,4.69,3.3,1.48,0.26,0
939,4.99,3.67,1.09,0.2,0
940,5.11,3.53,1.51,0.27,0
941,5.84,3.0,3.91,1.38,0
942,5.82,3.06,4.77,1.31,0
943,5.71,2.28,4.13,1.21,0
944,4.88,2.42,3.91,1.1,0
945,6.14,2.46,4.02,1.43,0
946,5.68,2.9,3.87,1.2,0
947,5.4,3.0,4.17,1.62,0
948,5.75,2.62,3.18,1.45,0
949,5.67,3.0,3.87,1.23,0
950,6.37,3.59,4.24,1.38,0
951,7.18,3.18,4.49,1.31,0
952,5.8,2.63,4.09,1.32,0
953,6.68,3.57,5.77,2.39,0
954,6.18,3.36,5.9,1.82,0
955,6.32,2.44,5.29,2.01,0
956,6.76,2.74,5.66,1.78,0
957,6.54,3.03,5.61,1.98,0
958,7.75,3.06,7.16,1.72,0
959,7.67,2.8,5.47,2.19,0
960,6.21,2.64,6.02,1.51,0
961,5.39,3.64,1.35,0.16,0
962,5.88,3.71,1.69,0.31,0
963,4.82,3.58,1.38,0.14,0
964,4.88,3.2,1.15,0.25,0
965,5.58,3.41,1.6,0.1,0
966,5.51,2.79,1.44,0.32,0
967,5.65,4.13,1.51,0.17,0
968,4.94,3.12,1.57,0.25,0
969,4.41,3.34,1.48,0.23,0
970,5.59,3.74,1.58,0.29,0
971,4.36,2.96,1.69,0.2,0
972,5.58,3.51,1.42,0.16,0
973,6.03,2.7,4.79,1.7,0
974,6.01,3.03,4.22,1.51,0
975,5.56,2.78,3.82,1.47,0
976,5.59,2.49,4.9,1.21,0
977,5.64,3.27,3.59,1.67,0
978,5.97,3.08,3.94,1.23,0
979,6.17,3.28,4.62,1.45,0
980,5.95,3.09,4.14,1.28,0
981,5.43,2.35,3.96,1.34,0
982,6.12,3.28,4.05,1.02,0
983,5.41,2.69,4.49,1.11,0
984,6.36,2.63,3.89,1.76,0
985,5.68,3.41,4.29,1.83,0
986,7.39,2.91,4.86,2.31,0
987,6.92,3.06,5.43,2.02,0
988,6.4,2.81,6.05,2.5,0
989,6.49,2.77,6.2,2.16,0
990,5.78,3.19,6.15,2.18,0
991,7.06,2.48,5.64,1.92,0
992,5.85,3.21,5.03,2.3,0
993,7.94,3.05,5.06,2.03,0
994,6.5,2.96,5.79,2.24,0
995,5.36,3.17,1.4,0.17,0
996,4.65,3.76,1.53,0.33,0
997,4.62,3.31,1.62,0.19,0
998,4.89,3.24,1.47,0.23,0
999,4.99,3.4,1.58,0.28,0
1000,4.65,3.24,1.37,0.05,0
1001,4.9,3.7,1.29,0.14,0
1002,5.89,3.62,1.42,0.34,0
1003,5.62,2.95,5.38,1.32,0
1004,5.18,2.65,4.17,1.43,0
1005,5.98,3.15,4.14,1.48,0
1006,6.35,2.44,3.98,1.45,0
1007,5.87,2.39,3.79,1.14,0
1008,5.44,2.85,4.88,1.06,0
1009,5.33,2.29,4.36,1.19,0
1010,6.32,3.19,5.29,1.49,0
1011,5.54,2.53,4.52,1.24,0
1012,5.85,2.15,4.05,1.22,0
1013,6.77,2.46,5.49,2.14,0
1014,6.78,2.93,4.93,2.45,0
1015,6.44,2.9,4.46,1.93,0
1016,6.82,2.82,5.52,1.8,0
1017,6.68,3.03,5.01,2.12,0
1018,6.58,2.51,6.22,1.98,0
1019,6.77,3.41,5.23,1.78,0
1020,5.61,2.82,5.66,2.2,0
1021,6.9,2.66,6.07,1.87,0
1022,5.8,3.07,5.51,2.23,0
1023,5.21,3.5,1.2,0.17,0
1024,5.13,2.9,1.66,0.3,0
1025,4.74,3.8,1.4,0.44,0
1026,4.85,2.91,1.55,0.24,0
1027,4.82,3.53,1.62,0.45,0
1028,4.92,3.45,1.45,0.3,0
1029,4.53,3.2,1.17,0.13,0
1030,4.98,3.48,1.2,0.32,0
1031,6.31,3.41,4.3,1.79,0
1032,5.02,2.63,4.98,1.2,0
1033,6.35,2.9,3.74,1.54,0
1034,6.4,2.89,4.01,1.32,0
1035,6.48,2.35,4.92,1.13,0
1036,5.52,2.44,4.15,1.34,0
1037,6.37,3.1,4.26,1.65,0
1038,5.36,2.91,4.2,1.46,0
1039,5.98,2.48,3.64,1.31,0
1040,6.64,2.35,4.01,1.52,0
1041,4.98,2.61,4.1,1.18,0
1042,6.02,3.16,4.62,1.45,0
1043,5.53,2.74,4.91,2.35,0
1044,5.98,3.09,7.3,2.86,0
1045,7.0,2.93,5.26,1.92,0
1046,7.79,2.83,6.59,1.77,0
1047,6.49,2.87,6.35,2.13,0
1048,6.2,2.96,4.11,1.73,0
1049,7.37,2.93,5.28,1.7,0
1050,7.55,2.79,5.23,1.79,0
1051,6.73,3.41,5.89,1.93,0
1052,6.5,2.98,6.19,2.1,0
1053,7.48,3.18,5.82,2.3,0
1054,7.26,2.97,5.62,2.28,0
1055,5.27,3.55,1.32,0.33,0
1056,5.06,3.31,1.34,0.41,0
1057,5.05,3.96,1.71,0.22,0
1058,4.93,3.28,1.62,0.11,0
1059,5.06,2.9,1.39,0.15,0
1060,5.33,3.37,1.03,0.38,0
1061,4.55,3.35,1.69,0.26,0
1062,5.18,3.33,1.43,0.1,0
1063,5.14,3.4,1.51,0.24,0
1064,5.79,3.11,4.4,1.25,0
1065,5.32,2.07,4.84,1.32,0
1066,5.64,2.79,3.95,1.12,0
1067,6.55,2.65,4.39,1.49,0
1068,6.02,2.42,3.71,1.46,0
1069,5.58,2.85,3.83,1.3,0
1070,6.02,2.99,4.78,1.38,0
1071,6.7,2.79,3.71,1.57,0
1072,6.68,2.78,3.7,1.44,0
1073,7.21,3.24,5.65,2.03,0
1074,6.78,3.06,6.38,2.44,0
1075,6.25,3.21,6.39,1.76,0
1076,6.94,2.9,5.55,2.33,0
1077,6.92,2.84,5.97,1.72,0
1078,6.35,3.03,5.65,2.04,0
1079,8.19,3.08,5.19,1.78,0
1080,6.17,2.95,5.12,1.57,0
1081,5.36,3.3,4.87,2.65,0
1082,5.24,2.6,1.33,0.19,0
1083,5.03,3.8,1.67,0.28,0
1084,4.78,3.53,1.22,0.51,0
1085,4.99,3.44,1.74,0.29,0
1086,5.22,2.61,1.55,0.3,0
1087,5.84,2.76,1.4,0.22,0
1088,4.4,2.63,1.59,0.12,0
1089,5.53,3.32,1.31,0.31,0
1090,4.54,3.58,1.48,0.24,0
1091,5.28,3.13,1.59,0.26,0
1092,4.56,2.82,1.56,0.56,0
1093,5.24,3.39,1.37,0.22,0
1094,5.74,2.96,3.93,1.28,0
1095,5.97,3.06,4.38,1.47,0
1096,5.49,2.32,3.68,1.05,0
1097,5.46,2.65,4.64,1.29,0
1098,4.92,3.4,4.01,1.72,0
1099,5.69,2.49,5.22,1.24,0
1100,5.35,2.55,3.57,1.16,0
1101,5.08,2.24,4.17,1.46,0
1102,5.71,3.13,4.25,1.24,0
1103,5.65,3.05,4.46,1.37,0
1104,6.2,2.82,4.21,1.48,0
1105,5.82,2.68,4.88,1.62,0
1106,7.19,3.6,4.73,1.38,0
1107,6.36,3.09,5.75,2.14,0
1108,6.84,2.72,5.43,2.02,0
1109,5.55,2.94,5.99,2.15,0
1110,6.73,2.6,6.85,2.36,0
1111,6.18,3.41,5.48,2.21,0
1112,6.82,3.0,5.49,1.65,0
1113,6.86,2.99,5.67,1.7,0
1114,7.62,2.99,5.71,2.18,0
1115,5.62,2.91,1.39,0.15,0
1116,5.56,3.23,1.37,0.26,0
1117,5.96,3.32,1.65,0.23,0
1118,4.53,3.35,1.64,0.3,0
1119,4.83,2.99,1.59,0.4,0
1120,4.5,3.02,1.61,0.23,0
1121,4.7,3.52,1.55,0.1,0
1122,5.31,3.75,1.36,0.32,0
1123,5.56,2.13,4.05,1.32,0
1124,6.44,2.88,3.96,0.85,0
1125,5.6,2.69,4.63,1.48,0
1126,5.47,2.96,3.71,1.23,0
1127,5.65,2.7,3.62,1.32,0
1128,6.09,2.92,4.57,1.29,0
1129,5.23,2.35,4.81,1.55,0
1130,6.6,2.87,3.68,1.8,0
1131,6.0,2.85,5.25,2.06,0
1132,6.54,2.64,5.0,2.78,0
1133,5.91,3.33,6.46,2.3,0
1134,6.83,2.67,5.25,2.11,0
1135,6.08,1.96,5.21,2.28,0
1136,6.43,3.26,5.7,1.82,0
1137,6.48,3.03,5.57,1.94,0
1138,6.1,2.99,5.36,1.62,0
1139,5.86,3.04,4.84,2.19,0
1140,6.01,3.24,6.56,1.94,0
1141,6.55,2.41,6.04,1.98,0
1142,5.94,2.91,4.66,2.42,0
1143,5.26,3.53,1.41,0.15,0
1144,4.79,3.47,1.45,-0.01,0
1145,5.04,3.36,1.22,0.29,0
1146,5.42,2.68,1.58,0.17,0
1147,4.25,2.83,1.51,0.33,0
1148,5.47,3.06,1.44,0.33,0
1149,4.99,3.01,1.19,0.36,0
1150,4.58,3.24,1.52,0.33,0
1151,5.16,3.19,1.39,0.23,0
1152,5.54,3.22,1.31,0.28,0
1153,5.07,3.7,1.54,-0.03,0
1154,5.72,2.87,4.34,1.03,0
1155,6.71,3.2,4.55,0.95,0
1156,6.42,2.61,4.61,1.34,0
1157,7.13,2.87,4.08,1.27,0
1158,5.77,2.86,4.22,1.42,0
1159,5.91,3.07,3.9,1.74,0
1160,6.17,3.15,3.41,1.11,0
1161,6.09,2.96,4.59,1.18,0
1162,5.57,2.81,3.46,1.5,0
1163,5.56,3.03,5.8,2.08,0
1164,5.69,2.92,5.32,2.11,0
1165,6.73,2.46,5.98,1.38,0
1166,6.63,3.36,6.29,2.04,0
1167,6.99,2.51,5.48,1.48,0
1168,5.97,3.16,5.29,1.71,0
1169,6.09,2.5,6.16,2.36,0
1170,7.53,3.24,5.26,2.41,0
1171,5.89,2.61,4.7,2.29,0
1172,7.76,3.02,5.54,2.07,0
1173,6.78,3.26,4.77,2.29,0
1174,4.79,3.42,1.43,0.39,0
1175,4.92,3.88,1.69,0.21,0
1176,4.73,3.81,1.58,0.29,0
1177,5.24,3.07,1.68,0.29,0
1178,4.9,3.02,1.45,0.28,0
1179,5.58,3.04,1.29,0.26,0
1180,4.7,4.6,1.68,0.2,0
1181,4.82,3.55,1.8,0.17,0
1182,4.9,3.67,1.45,0.19,0
1183,4.86,3.05,1.32,0.25,0
1184,4.6,3.48,1.52,0.28,0
1185,4.74,3.04,4.04,1.2,0
1186,6.06,2.24,4.87,1.0,0
1187,5.7,2.83,4.18,1.31,0
1188,6.4,2.64,4.66,1.71,0
1189,5.32,2.62,3.11,1.26,0
1190,5.63,2.67,4.25,1.22,0
1191,6.35,2.7,3.91,1.36,0
1192,5.39,3.23,4.58,1.24,0
1193,6.04,3.07,5.0,1.18,0
1194,7.05,2.34,5.29,1.76,0
1195,7.45,3.63,5.89,2.03,0
1196,7.02,3.27,6.77,2.19,0
1197,6.12,3.04,5.02,2.22,0
1198,6.87,3.14,5.35,1.99,0
1199,5.56,2.84,5.06,2.12,0
1200,7.2,2.74,5.02,2.32,0
1201,7.5,2.6,6.2,1.7,0
1202,5.8,2.86,5.05,1.91,0
1203,6.08,3.04,4.86,2.53,0
1204,4.9,4.43,1.22,0.25,0
1205,5.15,2.43,1.52,0.41,0
1206,4.81,3.23,1.34,0.25,0
1207,4.94,2.79,1.29,0.19,0
1208,4.35,4.17,1.48,0.3,0
1209,4.88,3.74,1.3,0.31,0
1210,4.46,2.87,1.41,0.36,0
1211,5.17,3.94,1.55,0.23,0
1212,4.35,3.28,1.29,0.11,0
1213,4.78,3.73,1.45,0.21,0
1214,6.03,3.24,4.31,1.41,0
1215,5.21,2.62,4.3,1.13,0
1216,5.83,2.63,3.88,1.44,0
1217,5.25,3.12,4.83,1.52,0
1218,5.33,2.59,4.0,1.62,0
1219,5.37,2.58,4.88,1.02,0
1220,5.91,2.78,3.79,1.1,0
1221,5.12,2.63,3.95,1.34,0
1222,5.92,2.85,4.35,1.42,0
1223,6.47,2.91,4.45,0.94,0
1224,6.21,3.24,6.65,2.11,0
1225,6.53,3.03,5.07,1.97,0
1226,5.86,2.74,5.77,2.1,0
1227,7.4,3.2,4.33,2.24,0
1228,7.32,2.71,6.54,2.34,0
1229,6.1,3.54,5.71,2.12,0
1230,6.52,2.52,6.2,2.36,0
1231,7.54,3.09,6.08,1.8,0
1232,5.39,3.85,1.62,0.16,0
1233,4.91,3.2,1.48,0.5,0
1234,4.95,3.48,1.4,0.18,0
1235,4.56,2.5,1.5,0.37,0
1236,5.13,3.01,1.24,0.26,0
1237,5.14,3.34,1.55,0.27,0
1238,4.83,3.25,1.27,0.28,0
1239,5.1,2.85,1.69,0.2,0
1240,5.35,2.67,4.41,1.42,0
1241,6.31,2.88,3.71,1.56,0
1242,5.82,2.26,4.42,1.46,0
1243,6.41,2.74,4.52,1.05,0
1244,6.44,2.67,4.1,1.43,0
1245,6.63,2.98,4.41,0.72,0
1246,5.39,2.89,4.17,1.27,0
1247,5.87,3.23,4.26,0.8,0
1248,5.45,2.98,4.13,1.38,0
1249,6.26,2.97,5.06,2.32,0
1250,7.87,3.03,4.88,1.89,0
1251,7.96,3.24,5.57,2.06,0
1252,6.23,3.12,5.04,2.08,0
1253,6.62,3.73,4.55,2.4,0
1254,7.7,3.17,5.7,1.85,0
1255,7.2,3.04,6.06,2.11,0
1256,5.97,2.9,6.04,2.14,0
1257,6.73,3.48,5.92,2.2,0
1258,6.98,3.03,4.98,1.97,0
1259,4.72,2.82,6.4,1.49,0
1260,6.42,2.73,5.71,2.05,0
1261,4.92,3.0,1.58,0.02,0
1262,4.71,3.5,1.49,0.18,0
1263,5.07,3.38,1.34,0.25,0
1264,5.1,3.86,1.37,0.19,0
1265,5.11,3.43,1.56,0.35,0
1266,4.83,3.13,1.33,0.08,0
1267,4.35,3.34,1.35,0.45,0
1268,4.81,3.4,1.75,0.23,0
1269,5.52,3.46,1.47,0.21,0
1270,5.28,2.96,1.28,0.36,0
1271,5.3,2.86,3.81,1.56,0
1272,5.65,3.12,4.81,0.85,0
1273,6.33,2.47,4.53,1.23,0
1274,6.4,2.59,3.94,1.47,0
1275,5.68,2.44,4.43,1.0,0
1276,6.93,2.65,4.59,1.09,0
1277,5.01,2.78,5.23,1.01,0
1278,6.18,2.94,4.77,1.47,0
1279,5.38,2.72,5.47,1.48,0
1280,6.23,2.57,4.71,1.21,0
1281,6.37,2.55,5.6,2.05,0
1282,7.34,3.08,5.74,1.96,0
1283,6.27,3.0,5.17,2.31,0
1284,6.7,3.43,5.29,2.53,0
1285,7.0,2.96,6.13,2.01,0
1286,6.85,2.99,5.79,2.07,0
1287,7.3,2.77,6.62,1.89,0
1288,7.76,2.84,6.01,1.99,0
1289,7.2,3.24,4.96,2.55,0
1290,6.08,3.33,5.08,1.48,0
1291,6.65,3.19,6.21,1.78,0
1292,6.15,2.15,5.97,2.35,0
1293,5.86,3.38,1.27,0.11,0
1294,5.33,3.04,1.69,0.29,0
1295,5.14,2.9,1.45,0.32,0
1296,5.25,3.41,1.34,0.27,0
1297,4.35,3.47,1.63,0.24,0
1298,4.95,3.47,1.56,0.39,0
1299,4.76,3.88,1.33,0.38,0
1300,4.79,3.46,1.28,0.44,0
1301,5.03,3.42,1.46,0.3,0
1302,5.22,3.53,1.27,0.32,0
1303,5.02,3.43,1.49,0.02,0
1304,4.57,2.59,4.09,1.52,0
1305,7.29,3.67,4.09,1.75,0
1306,6.29,2.48,4.34,1.55,0
1307,5.83,2.68,4.23,1.49,0
1308,5.74,3.08,4.34,1.01,0
1309,6.16,2.85,4.28,1.45,0
1310,6.99,2.64,3.77,1.55,0
1311,5.56,2.63,4.02,1.35,0
1312,6.58,2.47,4.47,0.84,0
1313,6.06,2.52,4.82,1.37,0
1314,7.58,3.05,6.1,2.39,0
1315,6.97,2.86,4.79,1.94,0
1316,6.13,3.32,5.67,1.6,0
1317,6.23,2.64,5.78,1.77,0
1318,6.54,3.47,5.31,1.8,0
1319,7.57,2.94,6.77,1.67,0
1320,7.13,2.88,4.79,1.85,0
1321,5.74,2.72,6.4,2.2,0
1322,6.07,2.98,4.71,1.65,0
1323,6.72,3.04,5.72,2.04,0
1324,6.81,2.77,5.26,2.87,0
1325,6.98,2.9,5.83,2.08,0
1326,5.26,3.42,1.19,0.12,0
1327,5.2,3.43,1.42,0.39,0
1328,5.76,3.46,1.69,0.36,0
1329,5.43,2.83,1.22,0.25,0
1330,4.74,3.02,1.22,0.23,0
1331,3.97,4.0,1.09,0.34,0
1332,5.47,3.21,1.53,0.31,0
1333,4.88,3.79,1.35,0.24,0
1334,4.8,3.95,1.44,0.42,0
1335,4.96,3.05,1.72,0.19,0
1336,5.91,2.62,3.55,1.31,0
1337,6.21,3.45,3.69,1.07,0
1338,5.15,2.31,3.78,1.57,0
1339,5.28,2.79,5.37,1.39,0
1340,5.72,2.77,3.56,1.52,0
1341,6.32,2.7,4.75,1.55,0
1342,5.36,3.49,4.82,1.62,0
1343,5.56,2.53,4.06,1.25,0
1344,6.0,2.55,3.86,1.22,0
1345,6.44,2.75,4.43,1.14,0
1346,6.07,2.21,3.14,0.85,0
1347,5.57,2.82,5.9,1.69,0
1348,5.88,2.57,5.95,2.02,0
1349,5.65,2.62,6.08,2.13,0
1350,6.7,2.49,6.78,1.91,0
1351,6.38,3.09,5.53,1.79,0
1352,7.73,2.56,6.43,1.72,0
1353,6.03,2.88,6.31,1.46,0
1354,6.24,2.4,5.19,2.48,0
1355,5.97,2.94,5.22,2.24,0
1356,5.87,2.6,5.16,2.25,0
1357,6.67,2.25,5.84,2.13,0
1358,5.09,3.54,1.19,0.19,0
1359,4.94,4.41,1.5,0.3,0
1360,5.74,3.27,1.43,0.35,0
1361,5.28,3.47,1.43,0.35,0
1362,5.07,4.11,1.56,0.09,0
1363,4.92,3.41,1.63,0.43,0
1364,5.37,2.93,1.8,0.4,0
1365,5.18,3.95,1.29,0.28,0
1366,4.37,3.21,1.26,0.26,0
1367,4.58,2.36,1.49,0.34,0
1368,4.95,3.41,1.34,0.61,0
1369,4.72,3.84,1.53,0.49,0
1370,6.11,2.64,4.76,1.06,0
1371,5.81,2.48,4.88,1.38,0
1372,5.47,2.97,3.78,1.29,0
1373,6.29,2.68,4.26,1.14,0
1374,6.04,2.35,3.77,1.42,0
1375,5.22,2.77,3.66,1.22,0
1376,6.85,2.38,3.97,1.61,0
1377,6.07,2.93,4.96,1.3,0
1378,6.74,2.83,4.01,1.36,0
1379,6.94,2.68,4.24,1.28,0
1380,6.37,3.18,4.85,1.24,0
1381,7.15,3.05,5.8,2.01,0
1382,7.3,2.85,4.88,1.88,0
1383,7.01,2.94,5.69,2.5,0
1384,7.05,2.88,5.75,2.16,0
1385,7.35,2.9,6.12,2.07,0
1386,6.76,2.32,5.14,1.43,0
1387,5.89,2.83,5.02,1.88,0
1388,6.1,3.32,5.17,1.65,0
1389,6.68,3.32,6.19,2.33,0
1390,6.41,3.17,5.79,2.21,0
1391,6.2,3.15,5.39,2.03,0
1392,4.83,3.52,1.45,0.25,0
1393,4.58,3.09,1.41,0.31,0
1394,4.85,3.89,1.62,0.12,0
1395,4.91,3.51,1.53,0.15,0
1396,5.13,3.18,1.52,0.26,0
1397,5.49,3.8,1.81,0.09,0
1398,4.39,3.69,1.26,0.36,0
1399,4.55,2.85,1.6,0.24,0
1400,4.39,3.12,1.44,0.1,0
1401,4.85,3.3,1.56,0.36,0
1402,4.89,3.43,1.22,0.28,0
1403,5.0,2.84,4.81,1.41,0
1404,5.66,2.43,4.31,1.43,0
1405,5.12,3.02,3.25,1.25,0
1406,6.48,2.81,3.56,1.58,0
1407,6.44,2.8,3.8,1.16,0
1408,7.31,2.48,4.92,1.18,0
1409,7.06,2.84,4.25,1.13,0
1410,5.84,3.12,4.65,1.41,0
1411,6.03,3.32,4.8,1.36,0
1412,8.24,2.81,5.38,1.94,0
1413,7.16,3.03,5.76,2.03,0
1414,6.71,3.04,5.48,2.32,0
1415,7.11,2.85,5.12,2.53,0
1416,6.48,2.96,5.81,1.97,0
1417,6.37,3.09,5.96,2.14,0
1418,5.45,2.63,5.96,2.23,0
1419,7.24,3.07,6.12,2.48,0
1420,5.12,2.93,1.1,0.23,0
1421,4.84,3.14,1.77,0.31,0
1422,4.87,3.11,1.34,0.23,0
1423,5.18,3.16,1.56,0.46,0
1424,4.8,3.0,1.31,0.16,0
1425,5.5,3.11,1.4,0.23,0
1426,5.4,2.8,1.13,0.21,0
1427,4.83,3.63,1.49,0.1,0
1428,4.86,2.49,1.53,0.12,0
1429,4.59,2.73,1.64,0.22,0
1430,6.51,2.72,3.56,1.4,0
1431,6.45,2.53,4.65,1.35,0
1432,6.33,2.73,4.51,1.41,0
1433,6.42,2.44,4.44,1.09,0
1434,5.25,2.6,4.6,1.41,0
1435,6.13,2.39,4.37,1.17,0
1436,6.89,2.47,4.04,1.36,0
1437,5.29,2.37,4.79,1.32,0
1438,6.14,2.68,4.68,1.19,0
1439,6.09,2.54,3.46,1.02,0
1440,5.28,3.2,4.6,1.26,0
1441,6.9,2.97,5.92,2.03,0
1442,5.2,3.02,6.07,2.13,0
1443,7.11,2.8,5.67,1.85,0
1444,6.17,3.26,5.77,2.01,0
1445,6.33,3.24,6.2,2.48,0
1446,6.6,3.35,4.2,2.43,0
1447,7.09,3.59,6.64,1.8,0
1448,7.38,2.91,5.39,1.96,0
1449,7.1,3.65,5.78,1.95,0
1450,7.4,2.76,4.96,2.02,0
1451,5.29,2.69,1.58,0.2,0
1452,5.11,3.35,1.54,0.44,0
1453,4.5,3.33,1.66,0.21,0
1454,5.41,3.66,1.49,0.23,0
1455,5.04,3.06,1.25,0.24,0
1456,5.71,3.08,1.54,0.24,0
1457,4.86,3.94,1.31,0.23,0
1458,4.51,2.06,1.64,0.16,0
1459,6.47,2.4,4.85,1.46,0
1460,6.12,3.26,3.48,1.35,0
1461,6.16,3.4,4.14,1.24,0
1462,5.62,3.07,3.8,1.61,0
1463,5.42,2.67,4.55,1.3,0
1464,6.91,2.64,3.82,1.46,0
1465,6.98,2.73,4.54,1.22,0
1466,6.44,3.01,4.41,1.31,0
1467,5.38,3.07,4.58,1.29,0
1468,6.71,3.11,5.32,1.98,0
1469,5.88,3.03,5.61,2.12,0
1470,6.78,2.76,5.32,1.7,0
1471,7.55,3.55,5.1,1.87,0
1472,7.29,3.23,6.45,2.01,0
1473,6.29,3.09,4.4,2.49,0
1474,7.83,2.78,5.18,1.55,0
1475,6.47,2.61,4.73,2.3,0
1476,6.23,3.27,6.2,1.62,0
1477,8.4,2.98,4.79,1.99,0
1478,6.32,2.6,5.61,2.1,0
1479,4.88,3.45,1.6,0.09,0
1480,5.05,3.73,1.36,0.15,0
1481,4.98,3.34,1.5,0.22,0
1482,5.26,3.29,1.43,0.32,0
1483,4.93,3.66,1.46,0.21,0
1484,5.48,3.45,1.41,0.14,0
1485,5.22,3.37,1.52,0.22,0
1486,4.76,3.07,1.7,0.37,0
1487,5.21,3.49,1.64,0.11,0
1488,4.7,3.28,1.81,0.29,0
1489,5.62,2.63,3.32,1.27,0
1490,6.57,2.97,3.42,1.22,0
1491,6.16,2.94,4.58,1.11,0
1492,5.98,2.7,3.71,1.13,0
1493,5.99,2.44,3.92,1.37,0
1494,6.08,2.67,4.55,1.21,0
1495,6.4,2.77,4.16,1.55,0
1496,6.77,2.95,5.39,1.61,0
1497,7.23,2.7,5.95,1.9,0
1498,6.65,2.82,5.95,1.39,0
1499,7.34,3.06,4.73,1.58,0
1500,6.24,2.6,5.42,2.37,0
1501,6.05,2.69,5.37,2.22,0
1502,5.39,3.36,5.92,1.63,0
1503,6.9,3.04,5.33,1.71,0
1504,6.3,2.99,5.68,2.23,0
1505,6.33,3.3,6.22,1.57,0
1506,5.99,2.31,5.44,2.38,0
1507,4.59,4.0,1.39,0.13,0
1508,4.47,3.83,1.66,0.17,0
1509,5.0,4.09,1.67,0.08,0
1510,4.98,2.95,1.36,0.24,0
1511,5.6,3.67,1.38,0.16,0
1512,5.33,3.41,1.55,0.21,0
1513,5.0,3.85,1.03,0.17,0
1514,4.35,4.0,2.02,0.27,0
1515,5.12,3.69,1.49,0.31,0
1516,5.44,2.9,0.95,0.34,0
1517,4.51,3.32,1.64,0.1,0
1518,6.01,3.58,1.45,0.11,0
1519,5.6,2.77,3.58,1.3,0
1520,6.03,2.09,4.2,1.1,0
1521,4.91,2.5,4.38,1.31,0
1522,5.89,2.74,4.0,1.64,0
1523,5.49,3.05,3.78,1.24,0
1524,5.77,2.38,3.4,1.51,0
1525,6.06,2.73,4.53,1.49,0
1526,5.29,2.83,3.78,1.05,0
1527,5.83,2.8,4.26,1.37,0
1528,5.91,3.1,4.53,1.3,0
1529,5.62,2.64,4.33,1.39,0
1530,5.87,2.48,5.2,2.28,0
1531,5.96,2.6,5.6,2.08,0
1532,7.93,3.01,5.51,1.87,0
1533,6.16,2.9,5.19,1.61,0
1534,6.76,3.19,4.79,1.89,0
1535,6.77,3.16,5.16,2.04,0
1536,7.27,3.41,5.31,1.64,0
1537,6.62,3.37,6.18,2.3,0
1538,5.48,3.21,1.46,0.41,0
1539,5.01,3.49,1.36,0.21,0
1540,5.37,3.49,1.47,0.11,0
1541,4.47,2.98,1.38,0.25,0
1542,5.08,3.07,1.37,0.11,0
1543,5.51,3.15,1.59,0.2,0
1544,5.12,3.33,1.42,0.33,0
1545,4.62,3.74,1.34,0.36,0
1546,4.91,3.69,1.38,0.3,0
1547,5.01,3.72,1.36,0.3,0
1548,4.98,2.91,1.61,0.25,0
1549,5.25,2.87,4.0,1.46,0
1550,5.57,2.57,2.92,1.1,0
1551,5.89,2.4,4.06,1.35,0
1552,6.32,2.46,4.12,1.14,0
1553,5.28,2.79,4.04,1.31,0
1554,5.93,2.47,3.59,1.21,0
1555,7.09,2.87,4.91,1.74,0
1556,6.91,2.88,3.69,1.59,0
1557,5.51,2.3,3.98,1.48,0
1558,5.4,3.31,3.97,1.53,0
1559,5.53,2.95,4.42,1.44,0
1560,5.84,3.3,5.1,2.08,0
1561,5.35,2.76,5.36,2.05,0
1562,8.36,2.91,5.78,1.75,0
1563,7.14,2.87,6.48,2.32,0
1564,6.25,3.13,4.81,2.54,0
1565,7.03,2.95,5.41,1.99,0
1566,6.08,2.94,6.2,1.91,0
1567,7.23,2.59,6.19,2.03,0
1568,7.35,3.1,5.83,1.76,0
1569,5.06,3.22,1.57,0.25,0
1570,5.08,3.46,1.2,0.17,0
1571,5.17,3.71,1.43,0.26,0
1572,5.19,3.16,1.24,0.29,0
1573,4.9,3.3,1.53,0.16,0
1574,4.85,4.1,1.51,0.28,0
1575,5.22,3.67,1.42,0.35,0
1576,4.39,3.33,1.72,0.25,0
1577,5.47,3.44,1.49,0.3,0
1578,4.58,3.29,1.52,0.1,0
1579,6.47,2.63,4.47,1.52,0
1580,5.46,2.82,3.99,1.45,0
1581,5.57,2.65,5.06,1.45,0
1582,5.47,2.73,3.95,1.27,0
1583,6.38,2.68,4.73,1.04,0
1584,6.42,2.17,4.52,1.46,0
1585,5.68,2.84,4.26,0.88,0
1586,5.72,3.03,3.39,1.53,0
1587,5.66,2.65,4.07,0.94,0
1588,6.05,2.78,4.28,1.13,0
1589,6.39,2.8,3.89,1.14,0
1590,5.08,2.76,5.92,2.05,0
1591,7.17,3.38,4.97,2.39,0
1592,6.71,3.25,5.52,1.62,0
1593,6.22,2.98,5.63,2.07,0
1594,6.27,2.77,4.89,2.65,0
1595,6.72,3.12,4.75,2.16,0
1596,5.57,3.22,5.24,1.91,0
1597,7.52,2.91,5.71,2.14,0
1598,5.97,2.89,5.31,2.32,0
1599,7.04,2.73,6.15,2.28,0
1600,5.78,3.19,6.62,2.32,0
1601,7.79,3.37,5.56,2.13,0
1602,4.79,3.42,1.47,0.12,0
1603,4.94,2.71,1.42,0.42,0
1604,4.76,3.13,1.61,0.2,0
1605,4.52,3.38,1.46,0.25,0
1606,5.99,3.58,1.52,0.27,0
1607,5.31,2.85,1.58,0.32,0
1608,4.8,4.07,1.33,0.17,0
1609,5.26,3.27,1.66,0.32,0
1610,5.14,2.9,1.54,0.17,0
1611,4.65,3.39,1.49,0.18,0
1612,6.78,2.55,4.19,1.13,0
1613,4.88,3.1,4.41,1.51,0
1614,4.73,3.28,4.62,1.39,0
1615,6.22,2.48,5.26,1.55,0
1616,5.94,2.8,5.3,1.44,0
1617,5.82,2.89,3.74,1.39,0
1618,5.82,2.62,4.23,1.64,0
1619,6.81,2.54,3.78,1.07,0
1620,5.35,2.74,4.35,1.21,0
1621,6.34,2.75,4.52,1.38,0
1622,5.4,2.58,3.64,1.47,0
1623,7.09,2.6,6.11,2.03,0
1624,6.8,2.68,5.31,1.93,0
1625,5.32,2.58,5.32,2.23,0
1626,7.49,3.35,5.53,2.4,0
1627,6.99,2.93,5.22,1.52,0
1628,7.11,2.68,5.73,1.73,0
1629,5.08,2.98,5.39,1.7,0
1630,6.75,2.64,5.26,1.83,0
1631,6.67,2.28,5.39,1.97,0
1632,6.07,3.35,5.23,1.6,0
1633,4.98,4.13,1.32,0.08,0
1634,4.77,3.35,1.66,0.27,0
1635,4.85,3.93,1.43,0.3,0
1636,5.1,3.56,1.46,0.29,0
1637,4.98,3.79,1.63,0.36,0
1638,4.94,2.79,1.72,0.33,0
1639,5.04,2.87,1.29,0.25,0
1640,5.24,3.61,1.4,0.4,0
1641,5.32,2.83,4.33,1.57,0
1642,5.28,2.81,4.5,1.28,0
1643,6.25,3.07,3.85,1.11,0
1644,6.22,2.25,4.29,1.63,0
1645,5.56,2.59,4.15,1.51,0
1646,6.41,3.25,4.16,1.0,0
1647,5.51,2.7,4.61,1.73,0
1648,5.97,2.72,4.68,1.47,0
1649,5.09,2.66,5.0,1.28,0
1650,5.82,3.25,3.96,1.1,0
1651,5.44,2.47,3.4,1.14,0
1652,6.28,2.97,5.39,2.39,0
1653,6.19,3.04,4.34,1.98,0
1654,7.0,2.63,4.98,2.12,0
1655,6.53,2.79,5.48,1.73,0
1656,6.54,3.22,5.42,1.93,0
1657,6.79,3.03,6.15,1.89,0
1658,6.69,2.99,5.69,1.96,0
1659,6.47,3.13,5.65,1.47,0
1660,7.65,3.36,5.13,2.11,0
1661,6.95,3.3,5.33,1.52,0
1662,5.31,2.7,1.53,0.15,0
1663,5.48,3.55,1.39,0.19,0
1664,5.12,3.24,1.51,0.18,0
1665,5.24,2.92,1.46,0.15,0
1666,4.76,2.45,1.45,0.22,0
1667,5.19,3.71,1.27,0.21,0
1668,5.34,3.22,1.57,0.19,0
1669,4.57,4.34,1.69,0.28,0
1670,5.06,3.24,1.43,0.24,0
1671,4.98,3.19,1.38,0.41,0
1672,5.3,3.46,1.67,0.04,0
1673,5.32,3.61,5.4,1.47,0
1674,5.64,3.51,3.9,1.34,0
1675,5.46,3.27,3.91,1.4,0
1676,6.46,3.02,4.41,1.56,0
1677,6.3,2.58,4.11,1.48,0
1678,6.05,3.07,4.99,1.28,0
1679,5.89,2.63,3.56,1.1,0
1680,6.55,2.76,4.87,1.1,0
1681,6.54,2.64,5.16,1.76,0
1682,7.32,3.07,5.67,2.39,0
1683,7.23,3.15,5.72,1.67,0
1684,6.58,2.56,4.1,1.69,0
1685,6.63,3.08,4.64,1.93,0
1686,6.33,2.77,6.27,2.43,0
1687,7.09,3.08,6.07,1.97,0
1688,7.09,3.0,4.93,2.32,0
1689,6.95,3.53,7.05,2.2,0
1690,4.77,3.66,1.52,0.27,0
1691,5.06,3.55,1.91,0.48,0
1692,5.45,3.25,1.63,0.38,0
1693,4.82,3.56,1.72,0.23,0
1694,5.19,3.28,1.15,0.34,0
1695,5.48,3.5,1.22,0.1,0
1696,4.53,3.1,1.18,0.33,0
1697,4.84,2.95,1.27,0.07,0
1698,5.03,3.5,1.53,0.36,0
1699,6.62,2.77,3.89,1.62,0
1700,5.48,2.53,3.81,1.1,0
1701,5.09,2.54,4.59,1.24,0
1702,5.63,2.69,4.14,1.33,0
1703,6.01,2.48,4.52,1.29,0
1704,6.22,2.66,4.82,1.49,0
1705,6.05,1.98,4.83,1.37,0
1706,6.82,3.0,4.21,1.16,0
1707,5.72,2.64,4.11,1.28,0
1708,5.83,3.13,4.67,1.53,0
1709,5.78,3.03,4.2,1.15,0
1710,5.29,2.85,3.99,2.3,0
1711,6.69,3.21,5.01,1.88,0
1712,6.53,2.07,5.37,2.12,0
1713,6.82,3.39,5.85,2.12,0
1714,6.52,3.22,5.92,2.04,0
1715,6.03,2.95,5.42,2.08,0
1716,5.97,2.7,5.54,1.67,0
1717,7.78,3.1,5.75,2.2,0
1718,6.1,3.19,5.36,2.0,0
1719,4.69,4.21,1.33,0.29,0
1720,4.91,3.29,1.1,0.2,0
1721,4.89,3.59,1.57,0.16,0
1722,5.22,2.95,1.2,0.22,0
1723,4.68,3.35,1.47,0.13,0
1724,4.9,3.22,1.59,0.28,0
1725,5.3,4.12,1.23,0.29,0
1726,5.22,3.68,1.33,0.3,0
1727,5.1,3.42,1.23,0.23,0
1728,5.19,3.9,1.64,0.15,0
1729,5.49,3.18,3.6,1.42,0
1730,6.13,2.55,4.26,1.11,0
1731,7.09,2.26,4.03,1.48,0
1732,5.88,2.87,4.05,1.28,0
1733,5.36,2.51,4.62,1.48,0
1734,6.38,3.26,3.54,1.49,0
1735,6.34,2.49,4.88,1.57,0
1736,6.04,2.88,4.64,1.47,0
1737,5.12,2.64,4.15,1.29,0
1738,5.01,2.98,3.62,1.09,0
1739,5.92,1.99,4.11,1.09,0
1740,6.65,2.68,6.3,2.02,0
1741,6.64,2.37,5.84,1.77,0
1742,6.19,2.98,5.78,2.31,0
1743,6.8,3.13,5.29,1.96,0
1744,4.68,3.06,4.86,2.08,0
1745,6.49,2.93,6.35,2.15,0
1746,7.21,2.92,5.45,2.24,0
1747,5.82,3.45,6.38,2.31,0
1748,5.42,3.07,6.83,1.63,0
1749,5.82,2.2,4.88,2.26,0
1750,5.52,3.94,1.33,0.3,0
1751,5.27,2.9,1.44,0.39,0
1752,5.12,2.75,1.51,0.29,0
1753,4.66,3.88,1.34,0.43,0
1754,4.89,3.24,1.5,0.13,0
1755,4.74,3.2,1.52,0.28,0
1756,4.89,3.75,1.63,0.18,0
1757,4.88,3.27,1.4,0.25,0
1758,5.47,3.28,1.16,0.35,0
1759,4.94,3.27,1.21,0.18,0
1760,5.01,3.63,1.22,0.18,0
1761,5.36,3.04,4.28,1.43,0
1762,4.93,2.76,3.79,1.44,0
1763,5.07,2.68,4.6,1.63,0
1764,5.96,2.86,4.56,1.22,0
1765,4.4,2.42,4.03,1.35,0
1766,6.11,3.24,4.31,1.64,0
1767,5.32,3.15,4.37,1.13,0
1768,5.71,3.14,4.31,1.2,0
1769,7.01,3.26,4.05,1.53,0
1770,5.76,2.86,3.77,1.09,0
1771,5.59,2.77,5.24,2.43,0
1772,6.28,3.04,5.97,2.23,0
1773,6.43,3.23,5.2,2.04,0
1774,6.79,2.88,4.62,2.19,0
1775,6.08,3.18,5.62,2.07,0
1776,6.42,3.35,5.67,2.21,0
1777,6.05,2.54,5.27,2.2,0
1778,6.69,3.12,5.21,2.14,0
1779,7.74,2.49,5.74,2.08,0
1780,6.65,3.22,5.2,2.4,0
1781,6.22,2.77,4.96,1.39,0
1782,5.07,3.73,1.23,0.14,0
1783,5.22,3.28,1.52,0.27,0
1784,4.74,3.35,1.71,0.26,0
1785,5.48,2.99,1.4,0.18,0
1786,4.88,3.73,1.32,0.19,0
1787,5.44,3.66,1.36,0.28,0
1788,5.04,3.71,1.59,0.42,0
1789,5.32,3.19,1.53,0.24,0
1790,5.17,3.09,1.47,0.29,0
1791,6.0,3.34,3.98,0.85,0
1792,6.71,2.32,3.85,1.36,0
1793,5.59,2.58,4.27,1.23,0
1794,5.65,2.95,4.51,1.15,0
1795,5.79,3.04,3.89,1.2,0
1796,5.25,2.77,4.83,1.31,0
1797,6.3,2.47,4.31,1.66,0
1798,4.87,3.11,4.73,1.19,0
1799,5.44,2.58,4.16,1.49,0
1800,5.92,2.84,4.21,1.05,0
1801,5.89,2.49,4.27,1.6,0
1802,5.89,2.91,5.81,2.1,0
1803,6.07,3.2,5.47,2.3,0
1804,7.97,2.69,6.78,2.27,0
1805,6.36,3.32,5.26,1.94,0
1806,5.76,2.71,5.33,2.14,0
1807,5.59,3.2,5.54,1.9,0
1808,5.65,2.93,5.54,2.12,0
1809,5.9,3.05,6.27,1.59,0
1810,4.37,3.54,1.3,0.1,0
1811,5.39,4.09,1.49,0.15,0
1812,5.19,3.46,1.33,0.4,0
1813,5.01,3.11,1.52,0.3,0
1814,4.81,3.14,1.61,0.15,0
1815,5.45,3.18,1.57,0.11,0
1816,5.45,3.16,1.52,0.34,0
1817,4.82,3.73,1.37,0.39,0
1818,4.48,3.53,1.34,0.37,0
1819,5.69,3.42,1.78,0.29,0
1820,5.02,3.38,1.38,0.18,0
1821,5.53,2.92,4.71,1.31,0
1822,5.98,3.05,4.69,1.25,0
1823,5.22,2.71,5.25,1.41,0
1824,6.63,2.81,4.02,1.46,0
1825,5.9,2.19,4.52,1.59,0
1826,5.52,3.71,3.29,1.56,0
1827,6.63,2.82,3.41,1.3,0
1828,5.87,2.84,4.52,1.58,0
1829,7.63,2.71,5.86,1.82,0
1830,6.03,2.73,5.32,1.87,0
1831,7.76,3.08,5.42,2.6,0
1832,6.79,2.85,5.84,1.65,0
1833,7.07,2.86,6.41,1.83,0
1834,5.2,2.31,5.89,1.88,0
1835,6.76,2.45,5.85,2.3,0
1836,6.59,3.27,5.7,2.33,0
1837,6.72,2.63,5.43,2.05,0
1838,5.69,2.85,5.19,1.86,0
1839,4.66,2.98,1.71,0.14,0
1840,5.18,3.46,1.36,0.2,0
1841,5.06,2.92,1.3,0.19,0
1842,4.76,3.96,1.33,0.29,0
1843,5.06,3.23,1.55,0.34,0
1844,5.41,3.2,1.18,0.21,0
1845,4.95,3.02,1.46,0.3,0
1846,6.26,3.14,1.15,0.19,0
1847,5.43,3.24,1.3,0.06,0
1848,5.9,2.64,4.42,1.46,0
1849,5.93,2.98,3.25,1.3,0
1850,6.07,2.72,3.72,1.23,0
1851,5.72,2.88,3.91,1.3,0
1852,6.01,2.51,4.64,1.43,0
1853,5.58,2.24,4.62,1.63,0
1854,5.48,2.94,4.11,1.83,0
1855,5.94,3.02,4.56,1.38,0
1856,6.77,2.96,4.78,1.22,0
1857,5.86,2.58,4.74,1.21,0
1858,5.99,2.48,3.8,1.44,0
1859,5.9,2.91,4.6,1.96,0
1860,6.2,2.63,4.65,2.03,0
1861,6.47,2.94,5.28,1.86,0
1862,5.67,3.23,5.84,2.05,0
1863,6.73,2.83,5.22,2.46,0
1864,6.88,3.19,6.17,2.23,0
1865,7.11,2.46,5.68,1.83,0
1866,6.43,2.84,5.23,2.11,0
1867,5.11,3.72,1.36,0.25,0
1868,5.39,3.22,1.2,0.25,0
1869,4.87,3.25,1.59,0.26,0
1870,5.53,2.59,1.42,0.13,0
1871,5.74,3.17,1.77,0.37,0
1872,4.79,3.8,1.8,0.15,0
1873,5.21,3.22,1.31,0.36,0
1874,4.75,3.56,1.22,0.13,0
1875,6.48,2.63,4.88,1.33,0
1876,6.04,3.08,3.99,1.43,0
1877,6.59,2.39,4.79,0.91,0
1878,5.42,2.98,4.56,1.55,0
1879,6.1,2.93,4.22,1.1,0
1880,6.52,3.07,4.42,0.97,0
1881,6.28,2.43,4.09,1.48,0
1882,5.66,2.98,3.7,1.47,0
1883,5.77,2.78,4.5,1.19,0
1884,6.86,2.64,6.06,2.01,0
1885,6.32,2.71,5.83,1.96,0
1886,8.02,2.92,5.04,2.02,0
1887,5.91,3.07,6.51,2.28,0
1888,5.67,3.59,4.69,2.1,0
1889,6.91,2.94,5.98,2.0,0
1890,5.71,2.62,4.53,1.51,0
1891,7.6,2.94,5.12,1.63,0
1892,5.82,3.73,1.42,0.17,0
1893,4.69,3.43,1.35,0.37,0
1894,5.19,3.28,1.61,0.26,0
1895,4.73,3.78,1.5,0.26,0
1896,5.3,3.98,1.55,0.42,0
1897,4.78,3.08,1.54,0.36,0
1898,5.0,3.84,1.7,0.07,0
1899,5.32,3.72,1.34,0.13,0
1900,4.99,3.59,1.53,0.39,0
1901,4.73,3.7,1.25,0.27,0
1902,4.72,3.45,1.54,0.14,0
1903,6.45,2.78,4.73,1.27,0
1904,5.85,2.96,5.32,1.72,0
1905,5.82,2.81,3.62,1.38,0
1906,6.15,2.86,4.38,1.2,0
1907,6.94,2.67,4.11,1.4,0
1908,6.65,3.62,4.44,1.3,0
1909,5.55,2.56,4.15,1.58,0
1910,5.4,2.88,4.62,1.42,0
1911,6.11,2.33,3.92,1.15,0
1912,5.42,2.86,4.15,1.38,0
1913,7.25,3.67,5.23,1.79,0
1914,6.85,2.92,5.49,1.73,0
1915,5.7,2.76,5.79,1.93,0
1916,6.84,3.05,5.06,2.37,0
1917,7.11,2.57,6.17,2.21,0
1918,6.15,2.77,4.49,1.76,0
1919,7.02,3.0,6.14,1.62,0
1920,6.85,2.42,5.09,2.34,0
1921,4.96,3.62,1.42,0.35,0
1922,4.42,3.54,1.01,0.43,0
1923,5.27,3.84,1.7,0.26,0
1924,4.83,3.47,1.46,0.2,0
1925,4.52,2.96,1.37,0.33,0
1926,5.07,3.92,1.43,0.18,0
1927,4.51,3.5,1.35,0.13,0
1928,5.05,3.35,1.34,0.23,0
1929,5.63,2.92,3.7,1.49,0
1930,5.52,3.18,4.33,1.28,0
1931,6.46,2.8,4.23,1.4,0
1932,5.58,2.55,3.53,1.06,0
1933,6.34,3.3,4.04,1.18,0
1934,5.87,2.9,4.7,1.48,0
1935,5.53,2.06,4.44,1.37,0
1936,5.68,2.07,5.25,1.23,0
1937,5.76,2.55,5.28,2.06,0
1938,7.11,3.04,5.02,1.83,0
1939,6.95,2.91,6.19,2.62,0
1940,6.23,3.36,6.3,2.08,0
1941,7.7,3.04,5.78,2.01,0
1942,6.35,3.06,5.97,1.94,0
1943,6.32,3.63,5.27,2.39,0
1944,7.08,2.7,4.43,1.95,0
1945,7.61,2.2,6.38,1.66,0
1946,6.69,2.72,5.63,2.26,0
1947,5.17,4.13,1.29,0.38,0
1948,4.67,3.36,1.61,0.24,0
1949,4.71,2.97,1.86,0.43,0
1950,5.5,3.74,1.23,0.2,0
1951,5.17,3.31,1.67,0.12,0
1952,5.52,3.33,1.42,0.31,0
1953,5.13,3.44,1.3,0.26,0
1954,4.82,3.18,1.25,0.25,0
1955,5.14,3.91,1.54,0.0,0
1956,4.98,3.56,1.41,0.22,0
1957,4.2,3.77,1.51,0.17,0
1958,6.01,2.84,3.15,1.53,0
1959,6.31,3.01,4.67,1.42,0
1960,6.47,3.07,4.76,1.32,0
1961,6.26,2.94,4.31,1.68,0
1962,6.49,2.58,3.96,1.27,0
1963,5.95,2.77,4.64,1.78,0
1964,6.13,2.2,4.68,1.28,0
1965,5.4,2.59,4.28,1.37,0
1966,7.32,2.76,4.03,1.35,0
1967,6.57,3.49,5.31,1.87,0
1968,5.9,3.09,5.45,2.25,0
1969,5.99,3.34,6.14,2.4,0
1970,6.45,3.26,5.27,2.46,0
1971,6.0,2.85,5.75,1.81,0
1972,6.74,3.48,5.51,2.02,0
1973,7.14,3.29,6.16,1.96,0
1974,6.23,2.7,5.59,1.83,0
1975,6.75,2.8,6.37,1.69,0
1976,4.87,3.07,4.97,1.84,0
1977,7.06,2.36,5.4,2.13,0
1978,4.66,3.25,1.57,0.25,0
1979,4.66,3.74,1.45,-0.04,0
1980,4.31,2.85,1.4,0.11,0
1981,5.11,3.5,1.57,0.32,0
1982,4.6,3.32,1.46,0.33,0
1983,5.08,3.63,1.48,0.35,0
1984,4.87,3.51,1.52,0.18,0
1985,4.91,3.67,1.46,0.32,0
1986,5.8,3.09,3.79,1.21,0
1987,5.65,2.13,4.88,1.7,0
1988,6.07,2.32,4.52,1.46,0
1989,6.64,2.65,5.0,1.22,0
1990,6.59,2.83,4.81,1.01,0
1991,6.83,2.96,4.8,1.53,0
1992,6.12,3.05,3.41,1.43,0
1993,6.29,3.17,3.49,1.24,0
1994,6.39,2.85,4.39,0.95,0
1995,6.59,2.93,3.87,1.35,0
1996,6.07,2.93,3.81,1.47,0
1997,6.04,1.45,4.08,1.15,0
1998,5.49,3.15,5.23,2.44,0
1999,6.86,2.8,5.93,2.52,0
2000,6.83,3.2,5.2,1.92,0
2001,6.37,3.08,5.65,2.09,0
2002,7.87,2.95,5.81,2.01,0
2003,6.53,2.78,4.83,2.12,0
2004,7.23,2.89,5.93,1.94,0
2005,7.02,2.96,5.77,2.68,0
2006,5.9,3.25,6.34,1.86,0
2007,6.11,2.89,5.35,2.52,0
2008,7.52,3.01,5.84,1.73,0
2009,6.43,2.73,5.85,2.08,0
2010,4.55,3.37,1.65,0.04,0
2011,4.69,3.02,1.65,0.22,0
2012,5.3,4.03,1.55,0.23,0
2013,4.77,3.01,1.51,0.04,0
2014,4.8,3.32,1.4,0.35,0
2015,5.33,3.51,1.51,0.25,0
2016,4.99,3.72,1.43,0.31,0
2017,4.38,3.01,1.56,0.17,0
2018,4.61,3.47,1.54,0.31,0
2019,4.73,3.57,1.77,0.21,0
2020,4.59,3.26,1.39,0.08,0
2021,6.74,2.79,3.59,1.53,0
2022,5.8,3.05,3.3,1.09,0
2023,6.19,3.36,4.11,1.36,0
2024,6.61,2.43,4.47,1.37,0
2025,6.05,2.8,3.74,1.27,0
2026,6.36,2.4,3.78,1.46,0
2027,6.06,2.45,4.56,1.71,0
2028,6.55,2.9,4.55,1.36,0
2029,6.08,3.17,5.37,2.39,0
2030,7.05,2.88,6.1,2.05,0
2031,6.84,2.95,5.89,1.81,0
2032,7.63,2.56,4.54,2.09,0
2033,7.53,2.3,5.8,2.29,0
2034,7.59,2.98,5.07,2.31,0
2035,6.56,2.91,5.91,2.52,0
2036,6.14,3.04,5.18,2.12,0
2037,6.54,3.2,4.54,1.83,0
2038,6.44,2.96,5.67,1.88,0
2039,6.22,3.07,5.1,1.73,0
2040,5.21,3.54,1.21,0.05,0
2041,5.61,3.0,1.55,0.32,0
2042,5.3,4.24,1.49,0.33,0
2043,5.34,3.44,1.36,0.18,0
2044,4.98,3.67,1.13,0.22,0
2045,5.46,3.53,1.38,0.14,0
2046,5.43,3.77,1.47,0.19,0
2047,5.47,3.41,1.52,0.14,0
2048,4.95,2.92,1.03,0.37,0
2049,4.77,3.5,1.9,0.16,0
2050,5.11,3.2,4.34,1.19,0
2051,6.17,2.62,5.04,1.68,0
2052,6.43,3.05,3.66,1.73,0
2053,5.96,2.56,4.85,1.43,0
2054,5.47,2.83,4.22,1.84,0
2055,5.81,2.84,4.74,1.22,0
2056,5.19,2.36,4.77,0.91,0
2057,6.08,2.94,4.26,1.2,0
2058,5.37,2.64,3.65,1.49,0
2059,6.29,3.05,4.36,1.8,0
2060,5.71,2.97,4.75,1.46,0
2061,6.54,2.21,2.96,1.3,0
2062,6.28,2.96,4.66,2.0,0
2063,6.53,3.09,5.52,2.16,0
2064,6.51,3.43,5.21,1.78,0
2065,7.31,2.86,5.32,2.13,0
2066,6.24,2.98,6.85,1.94,0
2067,8.34,2.11,5.46,1.64,0
2068,6.44,2.93,5.61,2.09,0
2069,7.91,2.72,5.83,1.94,0
2070,6.64,3.44,5.29,2.37,0
2071,7.63,3.44,6.24,2.45,0
2072,5.06,3.03,1.37,0.32,0
2073,5.05,2.85,1.66,0.28,0
2074,4.94,3.28,1.34,0.16,0
2075,5.18,3.19,1.6,0.36,0
2076,5.85,2.79,1.51,0.21,0
2077,5.35,3.42,1.57,0.19,0
2078,5.0,3.89,1.52,0.44,0
2079,5.17,3.24,1.26,0.13,0
2080,5.02,3.31,1.42,0.27,0
2081,4.48,3.89,1.52,0.36,0
2082,5.0,3.64,1.37,0.27,0
2083,5.47,2.49,4.19,1.58,0
2084,5.59,2.85,3.92,1.16,0
2085,6.02,2.33,4.16,1.44,0
2086,6.09,2.78,4.48,1.27,0
2087,6.04,2.34,3.63,1.69,0
2088,6.32,3.18,4.19,1.46,0
2089,5.98,3.09,3.99,1.5,0
2090,5.92,3.06,4.27,1.5,0
2091,5.62,2.53,5.22,1.67,0
2092,5.64,3.08,4.29,1.6,0
2093,5.01,2.68,4.94,1.53,0
2094,7.07,2.96,3.46,1.2,0
2095,7.51,2.9,5.82,2.32,0
2096,6.5,3.22,5.75,1.74,0
2097,7.01,3.0,5.24,1.99,0
2098,7.31,2.49,4.75,1.83,0
2099,6.2,2.8,5.33,1.9,0
2100,7.35,3.42,4.21,2.18,0
2101,8.12,3.33,5.23,2.11,0
2102,7.5,3.05,4.88,2.1,0
2103,7.19,2.6,5.44,2.08,0
2104,6.53,3.44,5.51,1.92,0
2105,6.45,2.75,7.48,2.48,0
2106,4.62,3.67,1.46,0.22,0
2107,4.62,2.74,1.67,0.27,0
2108,4.74,3.85,1.52,0.31,0
2109,4.58,3.64,1.5,0.21,0
2110,4.62,2.94,1.54,0.25,0
2111,5.06,3.44,1.75,0.27,0
2112,4.89,3.23,1.36,0.21,0
2113,4.54,3.63,1.57,0.18,0
2114,4.8,3.61,1.39,0.13,0
2115,4.6,3.21,1.59,0.29,0
2116,5.15,3.4,1.39,0.25,0
2117,4.61,3.57,1.37,0.24,0
2118,5.74,2.95,4.34,1.36,0
2119,6.32,2.98,4.22,1.18,0
2120,6.09,2.22,3.42,1.22,0
2121,6.28,3.17,4.59,1.6,0
2122,5.59,3.08,3.82,1.41,0
2123,5.96,2.58,4.15,1.25,0
2124,5.55,2.77,3.58,1.12,0
2125,5.4,2.81,3.41,1.34,0
2126,6.39,2.82,5.32,2.27,0
2127,7.03,2.85,4.96,2.05,0
2128,7.54,3.18,5.95,2.23,0
2129,6.68,3.31,6.16,1.91,0
2130,7.36,2.84,4.68,1.53,0
2131,6.09,3.23,5.94,1.69,0
2132,6.66,3.0,5.79,2.29,0
2133,6.07,2.77,5.56,1.87,0
2134,7.11,2.43,6.07,1.91,0
2135,6.92,3.0,5.26,2.05,0
2136,4.13,3.44,1.45,0.16,0
2137,5.15,3.93,1.44,0.09,0
2138,5.16,3.42,1.33,0.25,0
2139,5.19,3.67,1.66,0.28,0
2140,5.59,3.11,1.45,0.21,0
2141,6.06,3.57,1.27,0.41,0
2142,5.13,3.84,1.65,0.26,0
2143,5.1,3.28,1.67,0.22,0
2144,5.53,3.43,1.9,0.28,0
2145,4.8,3.81,1.58,0.47,0
2146,6.83,2.68,4.55,1.72,0
2147,6.9,2.43,3.92,1.47,0
2148,5.79,2.58,4.26,1.39,0
2149,6.5,2.8,4.02,1.17,0
2150,6.97,2.25,4.17,1.47,0
2151,5.43,2.67,3.98,1.4,0
2152,6.09,3.1,4.18,1.36,0
2153,6.14,3.0,3.64,1.2,0
2154,5.82,2.78,4.18,1.19,0
2155,5.06,2.93,3.85,1.34,0
2156,6.81,3.18,5.97,2.46,0
2157,6.35,3.21,5.97,1.77,0
2158,6.9,2.98,5.29,1.7,0
2159,7.1,3.47,5.92,2.09,0
2160,7.49,2.92,5.52,1.61,0
2161,6.93,2.85,5.22,2.47,0
2162,6.4,3.01,4.81,1.79,0
2163,6.54,2.64,6.11,2.0,0
2164,5.88,2.71,4.98,1.93,0
2165,4.98,2.86,1.37,0.28,0
2166,4.91,3.6,1.45,0.08,0
2167,4.55,3.66,1.27,0.13,0
2168,4.89,3.49,1.27,0.24,0
2169,4.88,3.78,1.48,0.32,0
2170,4.96,3.91,1.21,0.22,0
2171,5.12,3.56,1.47,0.22,0
2172,5.1,3.14,1.47,0.28,0
2173,5.28,3.92,1.58,0.47,0
2174,5.51,2.77,4.67,1.33,0
2175,6.62,2.62,4.09,1.41,0
2176,6.2,2.53,3.69,1.57,0
2177,6.23,2.99,4.04,1.54,0
2178,5.88,2.61,3.42,1.16,0
2179,5.74,2.91,4.62,1.27,0
2180,5.68,1.97,3.72,1.33,0
2181,5.68,2.55,5.02,1.11,0
2182,5.99,2.62,4.83,0.91,0
2183,6.55,2.62,3.69,1.47,0
2184,6.28,2.42,4.66,1.4,0
2185,5.13,2.89,4.09,0.99,0
2186,6.77,2.66,5.15,2.42,0
2187,6.64,3.02,6.03,1.41,0
2188,7.35,2.74,5.32,1.76,0
2189,5.56,3.13,5.28,2.47,0
2190,8.08,2.81,6.29,1.6,0
2191,6.59,2.93,5.21,2.16,0
2192,7.54,2.81,5.37,1.9,0
2193,6.14,2.97,6.35,2.35,0
2194,6.57,3.2,5.29,1.9,0
2195,6.29,3.27,6.81,2.08,0
2196,4.97,3.34,1.46,0.22,0
2197,5.57,3.56,1.58,0.18,0
2198,4.89,3.65,1.79,0.33,0
2199,5.05,3.54,1.49,0.26,0
2200,4.95,3.75,1.16,0.2,0
2201,4.7,2.8,1.21,0.32,0
2202,4.64,3.63,1.32,0.08,0
2203,5.32,2.72,1.4,0.42,0
2204,6.17,3.02,3.82,1.19,0
2205,6.29,2.47,3.83,1.76,0
2206,5.95,2.57,4.87,1.82,0
2207,5.66,2.68,3.51,1.52,0
2208,6.41,2.78,4.15,1.22,0
2209,6.12,2.79,4.7,1.25,0
2210,5.67,2.97,3.93,1.04,0
2211,5.51,2.46,3.74,1.61,0
2212,7.2,2.98,4.17,1.3,0
2213,5.93,3.26,4.23,1.3,0
2214,6.65,3.33,5.29,2.59,0
2215,7.0,2.86,5.84,1.65,0
2216,6.15,2.99,5.77,2.16,0
2217,7.14,2.94,6.45,1.55,0
2218,7.2,3.13,5.72,1.73,0
2219,7.46,3.66,5.7,1.89,0
2220,6.87,2.95,6.87,1.88,0
2221,5.38,2.81,5.52,1.67,0
2222,6.87,2.98,6.13,2.01,0
2223,5.13,3.67,1.24,0.32,0
2224,4.98,3.74,1.82,0.1,0
2225,5.46,2.58,1.34,0.34,0
2226,5.26,3.36,1.28,0.23,0
2227,5.03,3.69,1.36,0.23,0
2228,4.58,4.07,0.96,0.21,0
2229,4.85,3.73,1.47,0.28,0
2230,4.93,3.39,1.69,0.26,0
2231,5.44,2.96,3.77,1.6,0
2232,6.86,2.41,3.6,1.35,0
2233,6.88,2.46,4.02,1.26,0
2234,5.47,2.51,4.07,1.77,0
2235,6.39,3.16,4.25,1.29,0
2236,5.77,2.85,4.09,1.23,0
2237,7.02,2.84,4.71,0.84,0
2238,5.18,2.23,4.59,1.53,0
2239,5.75,2.53,4.49,1.35,0
2240,6.19,2.38,3.94,1.02,0
2241,6.37,3.09,5.27,0.93,0
2242,7.58,2.32,5.47,1.94,0
2243,5.98,2.32,4.86,1.82,0
2244,7.21,2.71,5.44,2.52,0
2245,5.48,3.18,5.0,2.0,0
2246,6.56,2.87,5.08,2.36,0
2247,6.87,3.05,6.06,1.47,0
2248,7.32,3.13,6.05,1.92,0
2249,5.82,3.0,5.64,1.83,0
2250,6.91,3.37,4.77,1.84,0
2251,6.94,3.1,5.42,1.92,0
2252,5.09,3.76,1.86,0.25,0
2253,4.87,2.76,1.2,0.44,0
2254,4.9,3.55,1.3,0.27,0
2255,5.59,2.3,1.73,0.33,0
2256,5.17,3.48,1.35,0.26,0
2257,4.88,3.59,1.32,0.3,0
2258,4.9,3.67,1.35,0.27,0
2259,4.57,2.37,1.51,0.29,0
2260,4.73,3.41,1.47,0.25,0
2261,5.36,3.11,1.25,0.15,0
2262,5.8,2.4,3.76,1.34,0
2263,4.97,3.07,3.86,1.29,0
2264,5.92,2.49,3.99,1.62,0
2265,5.85,2.87,4.98,1.29,0
2266,5.86,2.9,4.74,0.89,0
2267,5.79,2.78,3.99,1.57,0
2268,5.65,3.12,4.26,1.24,0
2269,5.34,2.99,3.67,1.57,0
2270,6.93,2.46,4.57,1.15,0
2271,6.3,2.9,5.76,1.64,0
2272,6.71,3.13,6.31,1.43,0
2273,6.48,2.93,5.64,2.28,0
2274,6.68,2.8,5.76,1.98,0
2275,6.49,3.27,6.88,2.39,0
2276,6.53,2.82,5.7,1.96,0
2277,7.17,2.55,5.71,1.91,0
2278,7.08,2.71,5.9,2.4,0
2279,6.52,2.79,6.05,2.04,0
2280,6.45,3.05,5.57,2.32,0
2281,5.53,3.48,6.02,2.26,0
2282,6.42,2.7,4.94,2.24,0
2283,5.21,3.27,1.5,0.2,0
2284,4.97,3.79,1.43,0.26,0
2285,4.84,3.37,1.49,0.2,0
2286,4.88,3.13,1.15,0.29,0
2287,4.94,3.34,1.31,0.29,0
2288,5.04,3.16,1.76,0.32,0
2289,4.9,3.03,1.76,0.17,0
2290,4.54,3.8,1.38,0.36,0
2291,5.16,3.5,1.18,0.19,0
2292,5.79,2.69,1.58,0.35,0
2293,5.52,2.89,4.46,1.4,0
2294,6.21,2.84,3.16,1.53,0
2295,5.97,2.81,4.89,1.46,0
2296,6.04,2.78,4.59,1.49,0
2297,5.94,3.17,4.77,1.42,0
2298,6.04,2.44,4.65,1.25,0
2299,6.55,2.76,4.43,1.69,0
2300,5.65,3.08,3.78,1.21,0
2301,5.44,3.02,4.8,1.21,0
2302,5.89,2.26,4.43,1.07,0
2303,5.45,2.67,5.74,2.78,0
2304,7.2,2.57,5.58,2.05,0
2305,6.97,2.42,4.69,2.37,0
2306,6.16,3.55,5.37,1.64,0
2307,6.16,3.01,5.56,2.41,0
2308,6.35,3.51,6.5,2.2,0
2309,7.34,3.02,6.18,2.07,0
2310,7.16,2.94,5.36,1.62,0
2311,7.88,2.97,5.06,2.56,0
2312,5.81,3.05,6.0,1.9,0
2313,5.57,3.57,1.24,0.13,0
2314,4.88,3.59,1.25,0.29,0
2315,5.24,3.02,1.35,0.12,0
2316,4.84,3.99,1.67,0.34,0
2317,4.35,3.37,1.3,0.11,0
2318,5.15,3.71,1.59,0.28,0
2319,4.87,3.08,1.43,0.29,0
2320,4.86,3.01,1.45,0.11,0
2321,5.0,3.11,1.54,0.38,0
2322,5.21,3.27,1.73,0.32,0
2323,5.36,3.55,1.64,0.36,0
2324,6.28,2.9,4.53,1.27,0
2325,5.23,2.31,4.71,1.57,0
2326,6.23,3.37,4.22,1.23,0
2327,5.4,2.81,4.82,1.53,0
2328,5.06,2.69,3.91,1.39,0
2329,6.4,2.67,3.69,1.44,0
2330,5.81,2.7,4.47,1.08,0
2331,6.22,2.44,3.85,1.16,0
2332,6.71,3.3,5.96,2.48,0
2333,6.9,2.81,4.58,1.92,0
2334,6.24,3.09,5.64,2.29,0
2335,5.99,2.42,6.14,2.1,0
2336,7.41,2.78,3.99,2.4,0
2337,6.33,3.1,5.44,2.7,0
2338,6.45,2.4,5.6,1.77,0
2339,6.5,2.52,5.97,2.01,0
2340,5.88,3.16,5.21,2.27,0
2341,7.47,2.71,6.68,2.29,0
2342,5.29,3.9,1.63,0.08,0
2343,5.04,3.38,1.38,0.15,0
2344,4.77,2.78,1.59,0.24,0
2345,5.13,3.39,1.29,0.29,0
2346,4.81,3.19,1.68,0.36,0
2347,5.08,3.82,1.34,0.07,0
2348,4.93,3.29,1.55,0.27,0
2349,4.95,3.06,1.37,0.44,0
2350,5.32,3.44,1.35,0.1,0
2351,6.75,3.08,4.38,1.53,0
2352,5.26,2.35,5.54,1.19,0
2353,6.28,2.22,3.59,1.29,0
2354,6.0,2.61,4.19,1.43,0
2355,5.05,2.89,5.73,1.27,0
2356,5.33,3.16,4.82,1.28,0
2357,5.41,2.34,4.17,1.26,0
2358,5.33,3.07,4.08,1.62,0
2359,5.59,2.94,4.4,1.18,0
2360,6.42,3.01,5.13,1.59,0
2361,7.04,2.81,5.68,1.97,0
2362,5.72,2.87,5.38,2.3,0
2363,7.05,2.94,5.44,2.52,0
2364,6.88,2.9,6.2,1.8,0
2365,6.38,2.7,5.9,1.49,0
2366,6.58,3.53,4.55,2.45,0
2367,6.03,2.83,4.88,2.18,0
2368,5.55,3.49,1.45,0.16,0
2369,4.84,3.84,1.58,0.39,0
2370,5.3,3.98,1.41,0.29,0
2371,4.53,3.4,1.48,0.31,0
2372,5.47,2.92,1.54,0.14,0
2373,5.5,3.81,1.38,0.33,0
2374,5.27,3.22,1.36,0.11,0
2375,4.93,3.44,2.0,0.41,0
2376,6.53,2.85,4.45,1.58,0
2377,5.57,3.03,5.1,1.41,0
2378,6.75,2.63,3.69,1.45,0
2379,6.87,2.68,3.8,0.95,0
2380,6.6,2.76,3.98,1.07,0
2381,5.53,2.74,3.58,1.4,0
2382,5.78,3.16,4.5,1.19,0
2383,5.74,2.7,3.63,1.55,0
2384,5.99,2.15,4.59,1.08,0
2385,6.13,3.23,5.68,2.27,0
2386,5.51,2.2,5.63,1.86,0
2387,6.77,2.83,5.02,2.34,0
2388,6.96,3.12,4.73,2.61,0
2389,6.15,2.15,6.3,1.82,0
2390,6.66,3.0,5.57,2.0,0
2391,6.77,2.67,6.49,2.38,0
2392,6.74,3.56,4.57,2.3,0
2393,7.62,2.75,4.74,1.6,0
2394,5.02,2.87,1.66,0.43,0
2395,5.07,3.76,1.38,0.23,0
2396,4.8,3.02,1.47,0.29,0
2397,4.84,3.72,1.39,0.34,0
2398,4.73,3.77,1.31,0.36,0
2399,4.98,3.74,1.34,0.26,0
2400,4.74,3.94,1.28,0.29,0
2401,5.17,3.44,1.43,0.15,0
2402,6.16,3.04,3.87,1.24,0
2403,6.19,3.19,4.26,1.52,0
2404,5.66,3.4,3.69,1.45,0
2405,5.82,2.99,3.63,1.08,0
2406,5.84,2.6,4.64,1.3,0
2407,6.03,2.78,3.68,1.68,0
2408,5.88,2.39,4.41,1.53,0
2409,5.59,3.08,4.29,0.92,0
2410,6.5,2.89,4.26,1.05,0
2411,6.05,2.83,5.34,1.86,0
2412,6.88,3.02,5.66,1.48,0
2413,6.6,2.3,5.17,2.13,0
2414,6.35,2.74,5.5,1.93,0
2415,6.92,3.13,7.14,2.33,0
2416,6.45,2.84,5.61,2.0,0
2417,7.72,2.96,4.64,2.13,0
2418,5.76,3.22,6.01,2.45,0
2419,6.73,2.81,5.16,2.41,0
2420,4.77,3.23,1.42,0.09,0
2421,5.51,2.41,1.48,0.3,0
2422,5.22,3.38,1.74,0.28,0
2423,4.93,2.86,1.5,0.42,0
2424,4.76,3.88,1.45,0.16,0
2425,4.92,3.68,1.45,0.26,0
2426,4.96,3.33,1.48,0.24,0
2427,4.97,3.57,1.61,0.26,0
2428,6.09,2.72,3.77,1.28,0
2429,5.64,2.87,4.7,1.04,0
2430,5.91,2.55,4.18,0.8,0
2431,6.33,3.4,4.2,1.42,0
2432,6.68,2.69,5.0,1.42,0
2433,5.85,2.92,5.3,1.39,0
2434,6.77,3.13,5.23,1.69,0
2435,5.58,2.62,3.9,1.42,0
2436,6.55,2.73,4.43,1.72,0
2437,5.83,2.71,4.85,1.03,0
2438,6.57,2.94,4.39,1.36,0
2439,5.78,2.79,4.38,1.31,0
2440,7.94,2.46,5.5,2.31,0
2441,7.14,2.94,5.2,1.82,0
2442,5.35,2.91,5.96,2.33,0
2443,6.99,2.81,5.78,1.93,0
2444,5.99,3.22,5.69,2.13,0
2445,7.23,2.94,5.52,2.44,0
2446,7.77,3.16,5.81,1.75,0
2447,7.54,3.03,6.45,2.25,0
2448,7.1,2.99,5.84,1.85,0
2449,6.23,3.62,4.68,2.36,0
2450,6.89,2.9,5.84,2.51,0
2451,7.6,3.17,6.89,2.46,0
2452,5.09,3.61,1.49,0.29,0
2453,5.08,3.6,1.39,0.22,0
2454,4.42,3.52,1.43,0.19,0
2455,5.2,3.72,1.34,0.32,0
2456,4.94,3.57,1.22,0.25,0
2457,5.06,3.25,1.15,0.18,0
2458,5.06,3.11,1.45,0.37,0
2459,5.21,3.62,1.44,0.41,0
2460,5.04,3.46,1.6,0.32,0
2461,4.92,3.81,1.38,0.41,0
2462,6.71,2.24,4.32,1.28,0
2463,6.27,2.91,3.92,1.36,0
2464,5.97,2.7,3.47,1.36,0
2465,6.57,2.5,3.58,1.48,0
2466,5.38,2.82,4.27,1.3,0
2467,6.92,2.83,4.33,1.18,0
2468,5.63,3.01,4.27,1.49,0
2469,5.64,3.09,4.61,1.05,0
2470,6.8,3.05,4.9,1.95,0
2471,5.63,3.32,3.93,2.18,0
2472,6.86,3.08,4.59,2.17,0
2473,7.19,2.24,5.98,1.89,0
2474,6.61,2.75,5.89,2.22,0
2475,7.23,2.92,3.94,2.04,0
2476,5.34,2.67,6.79,2.55,0
2477,6.55,2.92,6.07,2.42,0
2478,7.28,3.05,5.08,2.21,0
2479,4.64,4.17,1.51,0.33,0
2480,4.94,2.59,1.62,0.38,0
2481,5.38,3.36,1.39,0.29,0
2482,4.91,3.14,1.38,0.29,0
2483,5.03,2.87,1.37,0.29,0
2484,5.63,3.77,1.49,0.33,0
2485,4.86,3.83,1.57,0.16,0
2486,5.52,3.32,1.66,0.11,0
2487,6.0,2.61,4.94,0.91,0
2488,5.98,2.86,3.6,1.22,0
2489,5.43,2.57,4.28,1.11,0
2490,5.42,2.73,4.04,1.68,0
2491,5.37,2.61,4.97,1.33,0
2492,6.58,2.92,4.72,1.43,0
2493,5.67,2.95,3.6,1.54,0
2494,6.05,2.73,4.14,1.42,0
2495,6.24,3.33,3.74,1.38,0
2496,6.47,3.04,5.86,2.02,0
2497,6.07,2.54,5.4,2.27,0
2498,6.18,3.0,5.61,2.28,0
2499,5.74,3.75,6.35,1.96,0
2500,6.89,2.69,6.35,1.95,0
2501,5.1,3.36,4.79,1.75,0
2502,6.09,3.15,6.08,2.1,0
2503,5.98,3.11,5.74,2.01,0
2504,5.68,2.3,5.57,2.07,0
2505,6.21,3.38,4.45,1.7,0
2506,6.63,2.65,5.17,1.68,0
2507,7.23,2.63,5.66,1.94,0
2508,4.75,3.52,1.46,0.27,0
2509,4.7,3.06,1.37,0.16,0
2510,5.38,3.36,1.27,0.26,0
2511,5.23,3.23,1.55,0.09,0
2512,4.89,3.45,1.46,0.27,0
2513,5.32,3.37,1.12,0.32,0
2514,5.39,4.02,1.54,0.16,0
2515,4.35,2.99,1.36,0.29,0
2516,5.07,3.38,1.41,0.32,0
2517,4.74,3.53,1.48,0.13,0
2518,5.1,3.59,1.39,0.27,0
2519,5.05,3.68,1.37,0.19,0
2520,6.83,3.1,4.95,1.4,0
2521,6.63,2.59,4.91,1.16,0
2522,6.1,2.51,3.77,1.08,0
2523,6.78,2.79,3.65,1.43,0
2524,5.99,3.0,3.39,1.53,0
2525,5.11,3.01,4.39,1.3,0
2526,5.84,2.74,4.26,1.33,0
2527,6.07,3.25,3.95,1.31,0
2528,6.51,2.88,6.62,2.27,0
2529,5.82,3.1,5.64,2.13,0
2530,7.65,3.42,5.06,2.45,0
2531,6.34,2.8,4.87,1.85,0
2532,7.54,2.96,6.4,1.86,0
2533,6.87,3.33,4.34,1.79,0
2534,5.3,3.33,5.62,2.35,0
2535,6.0,3.01,5.33,2.82,0
2536,6.94,3.13,6.14,2.09,0
2537,5.07,3.69,1.51,0.27,0
2538,4.42,2.71,1.52,0.26,0
2539,5.11,3.96,1.68,0.33,0
2540,4.84,4.21,1.39,0.29,0
2541,5.67,3.81,1.53,0.16,0
2542,3.8,3.71,1.55,0.08,0
2543,4.8,2.88,1.42,0.24,0
2544,4.84,3.17,1.36,0.19,0
2545,5.11,3.11,1.66,0.33,0
2546,6.11,3.18,4.3,1.4,0
2547,6.58,2.76,4.29,1.3,0
2548,6.21,2.77,4.02,1.49,0
2549,6.74,2.61,4.04,1.35,0
2550,5.81,3.32,4.34,1.81,0
2551,6.03,3.14,4.76,1.68,0
2552,6.42,2.7,4.78,1.12,0
2553,6.25,2.76,3.7,1.33,0
2554,5.82,2.14,4.1,1.34,0
2555,6.79,2.64,6.33,2.35,0
2556,6.52,2.35,5.86,2.4,0
2557,6.6,2.82,5.35,1.8,0
2558,6.58,2.83,4.69,2.12,0
2559,6.88,2.92,5.53,1.77,0
2560,6.43,2.55,5.78,2.1,0
2561,5.02,2.8,5.12,2.33,0
2562,7.47,3.2,6.08,1.83,0
2563,5.11,3.07,6.0,1.76,0
2564,6.31,3.2,4.46,1.91,0
2565,6.01,3.16,1.44,0.24,0
2566,5.58,3.07,1.38,0.21,0
2567,4.49,3.12,1.06,0.25,0
2568,5.22,3.76,1.63,0.2,0
2569,5.27,3.35,1.57,0.18,0
2570,4.8,3.59,1.81,0.19,0
2571,4.86,2.96,1.7,0.27,0
2572,5.07,3.02,1.46,0.25,0
2573,5.04,3.3,1.45,0.22,0
2574,4.69,3.75,1.58,0.15,0
2575,5.46,3.34,1.59,0.25,0
2576,5.52,2.79,3.88,1.11,0
2577,6.15,3.02,4.79,1.44,0
2578,5.79,2.76,5.03,1.21,0
2579,6.3,2.8,4.73,1.38,0
2580,6.28,2.75,3.39,0.98,0
2581,5.38,3.03,4.24,1.23,0
2582,5.96,2.93,3.97,1.59,0
2583,6.84,2.86,3.32,1.47,0
2584,5.04,3.09,4.68,1.69,0
2585,6.62,3.19,3.91,1.4,0
2586,6.93,3.11,6.61,2.19,0
2587,6.01,3.33,5.4,2.32,0
2588,6.37,3.07,5.35,1.67,0
2589,4.33,2.64,5.3,2.71,0
2590,6.27,2.64,5.6,1.69,0
2591,5.89,3.12,4.94,2.49,0
2592,5.06,3.1,6.39,2.54,0
2593,5.76,3.75,5.34,2.08,0
2594,7.27,3.2,4.27,1.84,0
2595,7.34,2.93,5.67,2.22,0
2596,6.9,2.54,5.63,1.92,0
2597,5.85,3.27,1.25,0.36,0
2598,5.05,3.18,1.42,0.21,0
2599,4.9,2.64,1.6,0.27,0
2600,4.83,3.47,1.46,0.41,0
2601,5.05,3.45,1.32,0.12,0
2602,4.75,4.4,1.57,0.26,0
2603,5.34,2.99,1.09,0.35,0
2604,5.18,3.65,1.47,0.08,0
2605,4.57,3.35,1.45,0.13,0
2606,5.46,4.44,1.27,0.15,0
2607,4.87,2.89,1.45,0.3,0
2608,4.61,3.66,1.67,0.16,0
2609,5.7,2.27,4.06,0.84,0
2610,6.34,2.29,4.51,1.28,0
2611,6.02,2.37,4.5,1.42,0
2612,5.19,2.61,4.06,1.46,0
2613,5.7,2.97,3.57,1.42,0
2614,6.25,2.62,5.0,0.96,0
2615,5.71,2.46,4.82,1.0,0
2616,5.61,2.59,4.36,1.53,0
2617,6.6,2.44,3.8,1.46,0
2618,5.12,2.78,4.36,1.53,0
2619,6.2,2.54,4.61,1.32,0
2620,5.05,2.85,4.01,1.25,0
2621,6.47,3.5,5.27,1.97,0
2622,6.99,2.69,6.04,1.79,0
2623,7.34,3.16,6.01,1.91,0
2624,7.47,3.02,5.13,1.53,0
2625,6.45,2.76,5.36,2.13,0
2626,7.81,3.56,6.16,2.29,0
2627,6.29,2.67,5.79,1.95,0
2628,6.49,3.81,5.58,1.95,0
2629,6.65,3.29,5.48,2.1,0
2630,7.17,2.93,5.54,2.12,0
2631,5.19,3.87,1.56,0.1,0
2632,4.57,3.32,1.14,0.21,0
2633,4.94,3.36,1.27,0.24,0
2634,4.66,3.56,1.38,0.13,0
2635,4.36,3.79,1.32,0.17,0
2636,5.04,3.67,1.54,0.26,0
2637,4.98,3.33,1.88,0.29,0
2638,5.33,3.16,1.7,0.27,0
2639,5.19,3.02,1.58,0.29,0
2640,4.94,3.23,1.39,0.27,0
2641,6.02,3.04,3.75,1.27,0
2642,5.55,3.0,3.41,1.51,0
2643,6.27,2.8,3.42,1.82,0
2644,5.33,2.84,3.73,1.07,0
2645,6.31,2.51,4.37,1.28,0
2646,5.93,2.8,5.28,1.26,0
2647,5.79,2.56,3.47,1.12,0
2648,5.41,2.79,3.86,1.18,0
2649,5.06,3.51,3.59,1.47,0
2650,6.58,2.68,5.32,1.55,0
2651,6.68,2.92,5.44,2.0,0
2652,6.68,2.59,5.68,1.86,0
2653,6.48,3.29,4.98,1.33,0
2654,7.57,2.95,6.2,1.98,0
2655,6.35,3.27,5.62,2.48,0
2656,5.91,3.09,5.05,1.82,0
2657,7.16,2.58,5.51,2.23,0
2658,6.4,2.85,6.17,1.97,0
2659,5.38,2.98,1.4,0.02,0
2660,4.85,3.3,1.38,0.17,0
2661,5.39,3.43,1.38,0.3,0
2662,5.38,3.83,1.19,0.34,0
2663,5.13,3.36,1.66,0.09,0
2664,4.81,3.44,1.44,0.01,0
2665,5.42,3.59,1.33,0.28,0
2666,5.53,2.9,1.53,0.34,0
2667,5.74,3.43,1.24,0.12,0
2668,4.98,3.21,1.28,0.19,0
2669,5.58,3.43,1.71,0.25,0
2670,4.7,3.73,1.76,0.2,0
2671,6.59,2.4,4.52,1.0,0
2672,5.78,2.49,3.97,1.53,0
2673,6.61,2.93,5.6,1.37,0
2674,6.11,2.5,4.14,1.38,0
2675,5.73,2.68,4.34,1.56,0
2676,6.59,3.27,4.58,1.28,0
2677,6.52,2.28,4.45,1.55,0
2678,5.76,2.94,4.72,1.49,0
2679,5.96,2.74,4.71,1.02,0
2680,6.09,3.32,5.03,1.77,0
2681,6.4,3.05,5.87,2.39,0
2682,6.44,3.04,5.37,1.87,0
2683,5.9,2.71,4.82,1.81,0
2684,6.44,2.85,4.09,2.22,0
2685,7.41,2.35,5.0,2.17,0
2686,7.23,3.19,5.33,1.66,0
2687,6.43,2.55,6.79,1.86,0
2688,6.28,2.91,4.4,2.27,0
2689,7.27,2.45,5.37,1.71,0
2690,4.73,2.61,1.64,0.31,0
2691,4.32,3.68,1.36,0.34,0
2692,5.39,4.27,1.6,0.3,0
2693,4.59,4.59,1.43,0.52,0
2694,5.22,4.32,1.59,0.28,0
2695,5.27,3.22,1.63,0.27,0
2696,4.64,3.72,1.42,0.36,0
2697,4.82,3.62,1.6,0.08,0
2698,4.82,3.81,1.68,0.3,0
2699,4.82,3.57,1.64,0.27,0
2700,5.89,2.47,4.82,1.26,0
2701,6.01,3.1,3.61,1.64,0
2702,5.87,3.09,4.68,1.55,0
2703,6.05,3.37,4.94,1.2,0
2704,5.78,2.79,3.81,1.44,0
2705,6.44,2.55,3.9,1.61,0
2706,5.57,2.98,4.58,0.79,0
2707,5.45,3.09,5.55,1.17,0
2708,5.58,2.43,3.7,1.57,0
2709,5.17,2.77,4.2,1.5,0
2710,6.86,2.77,5.05,1.79,0
2711,6.76,3.2,4.6,1.76,0
2712,8.05,3.2,5.54,2.03,0
2713,6.31,2.97,5.35,2.09,0
2714,6.25,2.49,5.39,1.96,0
2715,7.21,3.3,5.96,2.44,0
2716,6.72,2.75,6.45,2.27,0
2717,6.15,3.11,5.91,1.46,0
2718,6.36,3.1,4.81,2.03,0
2719,5.42,3.06,1.48,0.29,0
2720,5.15,3.53,1.33,0.14,0
2721,4.04,3.83,1.26,0.24,0
2722,5.32,3.5,1.37,0.16,0
2723,4.52,3.72,1.38,0.14,0
2724,5.0,2.67,1.56,0.36,0
2725,4.73,2.73,1.19,0.27,0
2726,4.81,3.53,1.49,0.33,0
2727,5.2,3.04,1.59,0.4,0
2728,4.97,3.62,1.6,0.16,0
2729,5.37,2.84,1.2,0.27,0
2730,4.95,2.58,3.95,1.61,0
2731,5.5,2.98,4.86,1.32,0
2732,5.8,2.26,5.01,1.2,0
2733,6.07,2.66,3.56,1.48,0
2734,5.7,3.42,3.71,1.22,0
2735,6.17,2.79,4.1,1.61,0
2736,6.18,2.64,4.09,1.29,0
2737,5.11,2.79,4.31,1.27,0
2738,7.17,2.55,5.17,1.2,0
2739,5.8,2.78,4.75,1.51,0
2740,6.42,2.86,3.83,1.45,0
2741,5.64,2.58,3.62,1.44,0
2742,7.33,3.1,5.49,2.25,0
2743,6.59,2.86,5.33,2.08,0
2744,5.92,2.73,6.05,1.99,0
2745,7.1,2.65,5.67,1.64,0
2746,6.77,3.37,5.41,1.71,0
2747,6.87,2.81,6.02,1.97,0
2748,7.1,2.56,5.1,2.02,0
2749,8.07,3.17,6.2,2.24,0
2750,6.44,3.38,4.98,2.21,0
2751,6.84,3.48,4.56,2.21,0
2752,6.83,3.09,5.39,2.13,0
2753,5.21,3.53,1.27,0.35,0
2754,4.78,2.82,1.43,0.27,0
2755,4.97,2.67,1.17,0.2,0
2756,4.77,2.88,1.44,0.1,0
2757,4.4,3.58,1.41,0.3,0
2758,4.69,3.89,1.31,0.2,0
2759,5.5,4.01,1.31,0.4,0
2760,5.41,3.34,1.44,0.22,0
2761,6.33,3.35,3.94,1.27,0
2762,6.14,2.45,5.19,1.45,0
2763,6.42,2.92,4.92,0.94,0
2764,5.28,2.47,4.74,1.64,0
2765,5.99,3.0,4.68,1.39,0
2766,6.48,3.08,4.63,1.19,0
2767,5.32,2.39,4.87,1.25,0
2768,5.94,2.63,3.57,1.32,0
2769,6.17,2.82,3.9,0.95,0
2770,6.5,2.54,4.33,1.74,0
2771,6.84,2.97,4.55,1.04,0
2772,6.26,3.28,5.28,2.02,0
2773,7.26,2.91,5.4,1.93,0
2774,7.42,2.89,5.93,2.32,0
2775,5.56,2.65,5.53,2.55,0
2776,6.89,2.92,5.18,1.44,0
2777,6.27,2.74,5.35,1.89,0
2778,5.91,2.91,5.51,1.57,0
2779,6.73,2.9,5.0,1.91,0
2780,6.66,3.41,4.74,1.99,0
2781,6.74,2.16,5.22,2.03,0
2782,6.35,2.91,5.23,1.81,0
2783,5.24,3.91,1.59,0.33,0
2784,4.58,3.82,1.63,0.26,0
2785,4.84,2.77,1.38,0.26,0
2786,4.79,3.68,1.41,0.18,0
2787,4.33,3.44,1.85,0.12,0
2788,5.0,3.16,1.56,0.14,0
2789,5.34,3.74,1.23,0.28,0
2790,4.89,3.95,1.78,0.07,0
2791,5.04,4.13,1.18,0.3,0
2792,4.48,3.65,1.61,0.33,0
2793,6.14,2.57,4.33,1.08,0
2794,5.3,2.82,3.43,1.07,0
2795,6.31,2.9,5.05,1.32,0
2796,6.58,2.8,3.86,1.12,0
2797,5.11,2.33,4.98,1.41,0
2798,5.34,2.19,4.29,1.35,0
2799,5.33,2.9,4.45,1.37,0
2800,6.85,3.2,3.73,1.68,0
2801,5.79,2.72,5.99,1.9,0
2802,6.86,2.97,5.36,1.83,0
2803,7.23,2.3,4.77,2.21,0
2804,7.4,2.89,5.39,1.74,0
2805,6.54,3.33,5.76,1.91,0
2806,6.33,2.72,6.22,2.11,0
2807,7.1,2.86,5.99,1.87,0
2808,6.32,3.25,5.62,2.2,0
2809,4.77,2.97,1.4,0.24,0
2810,5.22,2.81,1.22,0.33,0
2811,4.87,3.25,1.35,0.32,0
2812,4.84,3.98,1.48,0.41,0
2813,4.86,3.27,1.47,0.18,0
2814,4.63,3.2,1.44,0.18,0
2815,5.35,3.74,1.77,0.17,0
2816,5.27,3.29,1.13,0.25,0
2817,4.98,3.76,1.64,0.23,0
2818,5.07,3.41,1.38,0.12,0
2819,5.19,3.47,1.51,0.26,0
2820,4.2,3.41,1.46,0.07,0
2821,6.36,3.03,4.32,1.46,0
2822,6.32,2.31,3.36,1.23,0
2823,6.21,2.61,4.41,1.49,0
2824,6.11,2.95,4.14,1.0,0
2825,5.74,2.48,4.64,1.69,0
2826,5.82,3.03,4.58,1.57,0
2827,5.41,3.01,3.95,1.56,0
2828,5.83,3.12,4.53,1.48,0
2829,5.66,2.63,4.83,1.47,0
2830,7.16,3.14,5.79,2.15,0
2831,6.15,2.87,4.84,2.06,0
2832,7.14,3.21,6.41,1.86,0
2833,7.59,2.23,4.93,2.03,0
2834,6.84,3.08,5.66,1.84,0
2835,6.26,3.0,5.6,2.08,0
2836,6.23,2.98,5.15,2.35,0
2837,6.8,2.59,5.72,2.11,0
2838,5.25,2.95,5.76,2.13,0
2839,7.41,2.94,4.34,2.36,0
2840,6.84,2.73,5.8,2.36,0
2841,6.6,2.6,5.71,2.13,0
2842,5.0,3.13,1.56,0.25,0
2843,5.04,4.15,1.42,0.42,0
2844,5.22,3.36,1.34,0.34,0
2845,4.97,3.47,1.55,0.5,0
2846,5.14,3.65,1.43,0.13,0
2847,5.01,3.74,1.48,0.2,0
2848,4.8,3.94,1.55,0.25,0
2849,5.23,3.19,1.52,-0.01,0
2850,5.28,3.23,1.5,0.16,0
2851,5.12,3.0,1.26,0.39,0
2852,5.11,2.46,1.76,0.31,0
2853,6.46,2.79,4.2,1.45,0
2854,6.34,3.07,4.31,0.8,0
2855,6.11,2.96,4.58,1.48,0
2856,6.19,2.79,4.12,1.45,0
2857,6.03,2.81,4.02,1.23,0
2858,6.4,2.74,4.79,1.36,0
2859,6.5,2.3,3.34,1.27,0
2860,6.75,2.97,4.49,1.17,0
2861,5.33,2.8,4.01,1.13,0
2862,5.63,2.52,4.54,1.31,0
2863,4.98,2.59,3.79,1.26,0
2864,6.53,2.53,5.65,1.82,0
2865,8.31,3.06,4.75,1.8,0
2866,5.07,2.78,6.27,2.43,0
2867,6.96,2.73,4.91,1.9,0
2868,6.89,2.4,5.44,1.78,0
2869,6.05,2.95,6.27,2.21,0
2870,7.01,3.35,5.54,1.59,0
2871,5.76,2.92,5.05,2.18,0
2872,6.25,2.59,6.3,2.31,0
2873,6.36,2.71,6.14,1.9,0
2874,6.97,3.46,5.9,1.47,0
2875,5.01,3.5,1.67,0.34,0
2876,4.86,3.47,1.39,0.34,0
2877,5.4,2.96,1.44,0.05,0
2878,4.7,4.0,1.7,0.21,0
2879,5.27,2.43,1.54,0.29,0
2880,5.47,3.42,1.4,0.28,0
2881,5.11,3.56,1.21,0.34,0
2882,4.34,3.41,1.59,0.12,0
2883,5.04,3.51,1.41,0.41,0
2884,4.98,2.96,1.65,0.14,0
2885,5.49,3.19,1.64,0.19,0
2886,4.69,3.48,1.07,0.3,0
2887,5.44,2.87,3.67,1.41,0
2888,6.17,2.79,4.4,1.45,0
2889,6.14,2.73,4.2,1.66,0
2890,5.62,2.67,5.0,1.68,0
2891,6.0,3.17,3.52,0.99,0
2892,6.4,2.54,4.2,1.21,0
2893,5.63,3.52,3.65,1.25,0
2894,6.73,3.19,3.49,1.5,0
2895,5.84,2.72,3.9,1.54,0
2896,5.6,3.07,4.4,1.17,0
2897,6.66,2.93,4.61,1.47,0
2898,6.98,2.72,5.46,1.53,0
2899,6.46,2.9,4.97,1.67,0
2900,5.28,3.38,5.01,2.58,0
2901,6.5,3.34,6.16,1.73,0
2902,6.89,3.14,5.44,1.71,0
2903,6.11,2.31,5.56,2.18,0
2904,6.14,3.11,5.36,1.4,0
2905,7.9,3.4,5.06,2.25,0
2906,5.82,2.73,6.02,1.98,0
2907,4.96,2.78,1.54,0.27,0
2908,5.28,3.32,1.47,0.35,0
2909,4.75,3.74,1.38,0.15,0
2910,4.64,3.61,1.41,0.17,0
2911,4.87,3.48,1.43,0.26,0
2912,4.97,3.28,1.6,0.24,0
2913,4.52,2.82,1.06,0.18,0
2914,5.23,3.55,1.5,0.23,0
2915,5.19,2.79,3.57,1.02,0
2916,6.39,2.56,4.13,1.16,0
2917,6.47,2.57,3.97,1.37,0
2918,6.33,2.64,4.21,1.66,0
2919,5.35,2.78,4.19,1.8,0
2920,5.88,2.36,5.13,1.49,0
2921,6.88,2.54,3.76,1.16,0
2922,6.0,2.78,4.13,1.21,0
2923,5.92,2.91,4.48,1.31,0
2924,7.43,2.68,5.48,2.6,0
2925,6.94,2.35,5.44,1.9,0
2926,6.93,2.74,5.8,2.22,0
2927,6.75,3.13,5.83,2.17,0
2928,6.37,2.36,5.92,2.13,0
2929,6.1,2.52,5.68,2.07,0
2930,7.25,3.38,5.47,2.24,0
2931,6.33,2.84,6.61,2.06,0
2932,6.72,2.81,5.37,2.52,0
2933,5.05,3.17,1.21,0.24,0
2934,4.52,3.13,1.52,0.25,0
2935,5.09,2.93,1.53,0.13,0
2936,5.57,3.4,1.32,0.18,0
2937,4.85,3.32,1.44,0.26,0
2938,5.13,3.97,1.52,0.13,0
2939,4.91,3.49,1.32,0.15,0
2940,5.26,3.53,1.59,0.4,0
2941,4.68,3.17,1.65,0.27,0
2942,5.42,3.76,1.39,0.19,0
2943,5.76,3.53,1.47,0.25,0
2944,5.07,2.77,1.65,0.28,0
2945,6.72,2.68,4.35,0.86,0
2946,6.58,3.32,4.15,0.99,0
2947,6.57,2.7,4.03,1.58,0
2948,5.99,3.0,4.73,1.43,0
2949,6.12,2.72,3.7,1.38,0
2950,6.27,3.06,4.17,1.51,0
2951,6.94,3.09,4.29,1.37,0
2952,6.15,2.84,4.41,1.8,0
2953,5.96,2.83,3.97,1.31,0
2954,6.36,3.0,4.3,1.26,0
2955,7.05,3.67,4.46,1.54,0
2956,5.94,2.6,5.23,1.56,0
2957,6.64,2.88,6.93,2.02,0
2958,7.29,3.02,5.72,2.1,0
2959,7.02,2.84,6.16,2.0,0
2960,6.75,2.55,6.41,2.33,0
2961,6.33,3.03,4.64,2.33,0
2962,6.63,2.97,5.64,1.82,0
2963,6.64,2.72,6.38,2.2,0
2964,5.42,3.9,1.56,0.05,0
2965,5.28,3.45,1.38,0.34,0
2966,4.81,3.8,1.52,0.22,0
2967,5.31,3.18,1.09,0.17,0
2968,4.64,2.99,1.36,0.16,0
2969,4.92,3.1,1.66,0.22,0
2970,4.92,2.54,1.44,0.32,0
2971,5.08,3.95,1.52,0.26,0
2972,4.93,3.33,1.17,0.29,0
2973,4.58,3.85,1.16,0.28,0
2974,4.86,3.3,1.39,0.24,0
2975,6.43,2.94,3.5,1.33,0
2976,5.81,2.4,4.25,1.5,0
2977,5.64,2.77,4.33,1.23,0
2978,6.75,3.17,3.97,1.18,0
2979,6.68,2.32,4.38,1.32,0
2980,5.63,2.77,3.62,1.31,0
2981,5.22,2.65,4.42,1.0,0
2982,5.53,2.71,4.32,1.28,0
2983,6.87,3.0,4.54,1.23,0
2984,5.94,2.92,4.51,1.44,0
2985,5.55,2.82,3.7,1.54,0
2986,7.02,3.09,6.18,1.63,0
2987,7.71,3.43,4.91,2.13,0
2988,6.1,3.03,5.85,2.16,0
2989,6.38,2.97,4.85,1.75,0
2990,6.47,2.74,6.36,2.26,0
2991,5.45,3.27,5.79,1.98,0
2992,7.01,2.77,5.3,1.96,0
2993,7.43,3.14,4.87,2.02,0
2994,6.73,2.97,6.34,1.95,0
2995,5.9,3.26,4.04,2.16,0
2996,7.03,3.72,5.7,1.78,0
2997,5.49,2.9,6.01,2.34,0
2998,5.02,3.31,1.25,0.19,0
2999,4.75,3.02,1.48,0.26,0
3000,5.17,2.98,1.05,0.16,0
3001,5.16,2.69,1.28,0.35,0
3002,5.24,3.81,1.5,0.28,0
3003,4.88,2.89,1.25,0.22,0
3004,4.76,3.44,1.2,0.23,0
3005,4.89,3.47,1.42,0.18,0
3006,4.9,3.89,1.64,0.35,0
3007,4.49,3.52,1.39,0.18,0
3008,4.89,3.44,1.74,0.03,0
3009,6.46,2.39,3.94,0.96,0
3010,5.82,2.64,4.32,1.43,0
3011,7.44,2.68,3.66,1.19,0
3012,6.28,2.61,4.03,1.1,0
3013,5.93,2.79,3.94,1.35,0
3014,6.46,2.9,4.61,1.12,0
3015,4.93,2.7,4.62,1.36,0
3016,5.84,3.16,4.16,1.24,0
3017,5.47,2.26,4.61,1.47,0
3018,5.69,2.61,4.9,1.28,0
3019,6.12,2.85,4.74,1.41,0
3020,6.32,2.87,4.19,1.27,0
3021,6.89,3.04,5.11,1.84,0
3022,6.42,3.05,5.4,2.12,0
3023,6.19,3.41,5.48,2.19,0
3024,7.09,3.34,5.93,2.01,0
3025,7.03,2.55,5.78,2.43,0
3026,7.19,2.65,5.31,2.34,0
3027,6.67,3.35,5.74,1.6,0
3028,6.8,2.96,6.84,1.69,0
3029,4.71,3.48,1.63,0.04,0
3030,5.48,2.97,1.02,0.08,0
3031,4.58,3.87,1.3,0.31,0
3032,4.71,3.06,1.56,0.23,0
3033,4.58,3.14,1.31,0.24,0
3034,5.64,3.55,1.75,0.49,0
3035,5.05,3.54,1.48,0.16,0
3036,5.5,3.26,1.48,0.22,0
3037,6.26,2.45,4.6,1.44,0
3038,6.45,3.03,5.25,0.84,0
3039,6.15,2.39,3.45,1.6,0
3040,5.94,3.46,4.76,1.54,0
3041,5.13,2.92,4.34,1.68,0
3042,5.89,2.51,4.61,1.15,0
3043,5.82,2.52,4.08,1.43,0
3044,6.32,2.8,3.46,1.29,0
3045,6.01,2.31,4.37,1.34,0
3046,5.43,2.17,5.08,1.47,0
3047,5.72,3.5,4.15,1.06,0
3048,6.06,3.18,3.61,1.22,0
3049,7.14,2.74,4.57,1.91,0
3050,6.02,2.87,5.82,2.4,0
3051,6.49,2.93,4.9,2.17,0
3052,6.18,2.65,4.86,2.17,0
3053,6.85,3.0,5.3,2.19,0
3054,5.86,3.26,5.33,2.26,0
3055,6.34,2.87,5.53,2.09,0
3056,7.36,3.07,5.73,1.91,0
3057,6.57,2.5,5.06,1.97,0
3058,7.55,3.06,5.79,1.94,0
3059,5.08,3.31,1.46,0.26,0
3060,5.38,2.62,1.82,0.29,0
3061,4.89,3.46,1.73,0.15,0
3062,5.07,4.07,1.35,0.2,0
3063,5.16,3.63,1.31,0.28,0
3064,4.64,3.77,1.47,0.05,0
3065,5.35,3.54,1.35,0.2,0
3066,4.96,2.78,1.34,0.13,0
3067,5.17,4.35,1.11,0.09,0
3068,5.15,2.86,4.44,1.25,0
3069,4.91,3.33,3.84,1.43,0
3070,5.32,2.7,3.79,1.25,0
3071,5.72,3.15,3.91,1.21,0
3072,6.37,2.84,4.24,1.31,0
3073,5.28,2.13,3.82,1.54,0
3074,5.62,3.32,4.92,1.73,0
3075,6.42,2.6,3.96,1.41,0
3076,5.66,3.13,4.35,1.48,0
3077,5.7,2.86,3.55,1.04,0
3078,6.07,3.09,4.49,1.21,0
3079,5.76,2.86,4.02,1.72,0
3080,6.86,2.82,5.82,1.61,0
3081,6.86,3.15,5.31,2.53,0
3082,6.1,3.29,5.18,2.06,0
3083,6.16,2.7,5.21,1.81,0
3084,6.24,2.81,5.72,1.94,0
3085,6.56,3.11,6.09,2.52,0
3086,6.31,2.93,6.16,2.04,0
3087,7.34,2.65,5.06,2.01,0
3088,5.24,2.9,1.46,0.13,0
3089,4.37,3.71,1.31,0.03,0
3090,4.98,3.52,1.52,0.18,0
3091,5.65,3.77,1.57,0.31,0
3092,5.33,3.29,1.48,0.23,0
3093,5.08,3.77,1.51,0.32,0
3094,5.2,2.85,1.38,0.08,0
3095,5.06,3.31,1.41,0.25,0
3096,6.4,2.9,4.06,1.48,0
3097,4.87,3.12,3.56,1.39,0
3098,5.71,2.89,4.43,1.29,0
3099,5.1,2.62,4.36,1.13,0
3100,5.39,2.78,4.54,1.26,0
3101,6.18,2.82,4.07,1.21,0
3102,6.22,3.27,3.46,1.39,0
3103,6.35,2.62,3.81,1.05,0
3104,6.01,2.38,4.73,1.78,0
3105,5.89,2.92,4.22,1.43,0
3106,5.8,2.7,3.81,1.25,0
3107,5.72,2.62,4.22,1.37,0
3108,5.22,3.21,5.93,1.87,0
3109,6.77,3.23,7.38,2.25,0
3110,6.8,3.46,5.62,2.41,0
3111,6.63,2.84,5.35,2.33,0
3112,6.59,2.55,5.27,2.2,0
3113,7.6,2.76,5.51,2.16,0
3114,7.23,3.06,5.84,2.34,0
3115,6.67,2.69,6.84,2.13,0
3116,5.01,3.83,1.6,0.24,0
3117,5.46,3.83,1.1,0.37,0
3118,5.28,3.46,1.4,0.26,0
3119,5.61,2.98,1.44,0.35,0
3120,5.33,3.42,1.59,0.15,0
3121,4.76,3.4,1.53,0.2,0
3122,4.78,3.63,1.28,0.37,0
3123,4.87,2.92,1.41,0.28,0
3124,4.24,3.6,1.52,0.22,0
3125,5.28,2.83,1.61,0.06,0
3126,5.56,2.99,1.29,0.23,0
3127,5.14,3.45,1.22,0.22,0
3128,5.83,3.16,4.36,1.39,0
3129,6.76,2.3,4.41,1.76,0
3130,5.41,3.29,4.46,1.45,0
3131,6.0,2.38,4.38,1.07,0
3132,6.72,2.74,4.47,1.5,0
3133,6.09,2.59,4.36,1.49,0
3134,5.81,2.15,4.77,1.71,0
3135,5.69,3.27,4.3,1.16,0
3136,5.58,2.94,4.17,1.5,0
3137,5.83,2.75,3.32,1.32,0
3138,6.75,3.25,5.98,1.81,0
3139,6.45,2.97,5.11,1.96,0
3140,6.38,3.01,5.06,1.58,0
3141,6.21,2.94,6.54,2.0,0
3142,6.35,3.24,5.56,1.88,0
3143,7.03,2.9,6.57,2.2,0
3144,6.2,3.61,5.26,1.79,0
3145,5.67,3.34,4.54,1.75,0
3146,7.09,3.2,5.38,2.16,0
3147,7.08,3.46,5.4,1.6,0
3148,4.8,3.64,1.47,0.22,0
3149,4.9,3.55,1.47,0.29,0
3150,5.4,4.15,1.35,0.17,0
3151,4.51,2.81,1.59,0.07,0
3152,5.06,3.13,1.53,0.19,0
3153,4.41,3.6,1.68,0.23,0
3154,4.85,3.58,0.97,0.33,0
3155,5.35,3.79,1.37,0.4,0
3156,5.15,3.59,1.71,0.24,0
3157,5.85,3.02,5.12,0.93,0
3158,6.39,3.43,3.63,1.61,0
3159,5.31,3.38,3.61,1.42,0
3160,5.4,2.67,3.29,1.44,0
3161,5.49,2.89,4.72,1.35,0
3162,6.52,2.09,4.23,1.36,0
3163,5.74,2.84,4.21,1.19,0
3164,4.96,3.2,4.46,1.25,0
3165,5.9,2.86,5.13,1.48,0
3166,6.07,2.73,4.38,1.35,0
3167,5.65,2.11,3.59,1.45,0
3168,5.76,3.25,5.71,2.02,0
3169,6.53,3.51,5.81,1.83,0
3170,5.53,2.89,5.22,2.02,0
3171,7.06,2.91,5.5,2.36,0
3172,6.72,2.45,5.67,1.63,0
3173,7.36,2.91,6.18,1.32,0
3174,6.39,3.01,5.57,2.28,0
3175,5.94,3.29,5.85,2.02,0
3176,5.08,3.47,1.51,0.19,0
3177,5.76,3.32,1.31,0.31,0
3178,4.41,3.38,1.57,0.07,0
3179,4.77,2.85,1.6,0.21,0
3180,5.33,3.76,1.38,0.16,0
3181,4.28,3.18,1.59,0.26,0
3182,4.49,4.49,1.59,0.32,0
3183,4.78,3.57,1.48,0.38,0
3184,5.04,2.43,1.77,0.3,0
3185,5.24,3.45,1.14,0.32,0
3186,5.68,2.83,4.19,1.29,0
3187,5.57,2.82,3.73,1.2,0
3188,6.49,2.74,4.69,1.45,0
3189,5.79,2.48,4.49,1.21,0
3190,5.85,2.92,3.36,1.29,0
3191,5.23,2.95,4.37,1.58,0
3192,6.33,3.07,4.4,1.49,0
3193,6.61,2.61,4.25,1.17,0
3194,7.88,3.18,6.06,2.19,0
3195,7.21,3.05,5.8,2.71,0
3196,6.04,3.46,5.02,2.0,0
3197,6.99,3.06,5.74,2.1,0
3198,6.82,2.51,4.85,2.0,0
3199,6.61,2.53,5.45,1.96,0
3200,6.84,2.97,5.28,2.45,0
3201,6.35,2.97,5.99,2.13,0
3202,6.66,3.02,5.99,1.89,0
3203,5.22,3.16,1.56,0.22,0
3204,5.17,2.83,1.36,0.22,0
3205,5.74,3.25,1.52,0.14,0
3206,5.02,3.06,1.18,0.23,0
3207,5.05,2.99,1.28,0.26,0
3208,4.72,3.32,1.39,0.16,0
3209,5.23,3.37,1.56,0.08,0
3210,5.07,3.8,1.32,0.21,0
3211,5.13,3.43,1.16,0.33,0
3212,4.6,3.56,1.43,0.2,0
3213,6.39,2.63,4.85,1.28,0
3214,5.51,2.82,5.04,1.41,0
3215,5.56,2.97,4.59,1.4,0
3216,5.16,3.02,4.97,1.47,0
3217,5.81,3.28,3.84,1.34,0
3218,6.01,2.36,4.41,1.1,0
3219,6.07,3.28,4.5,1.32,0
3220,5.64,2.77,4.33,1.06,0
3221,5.98,2.7,5.26,2.07,0
3222,7.6,3.22,5.58,2.12,0
3223,6.13,3.2,5.55,1.91,0
3224,7.17,2.8,4.86,1.88,0
3225,5.79,2.97,5.28,2.02,0
3226,6.63,2.98,6.03,2.05,0
3227,6.7,2.81,5.17,1.48,0
3228,6.68,2.91,5.22,2.0,0
3229,6.75,2.79,6.3,2.07,0
3230,5.01,2.84,1.24,0.45,0
3231,4.55,3.87,1.35,0.26,0
3232,5.02,2.97,1.46,0.4,0
3233,4.36,3.43,1.51,0.2,0
3234,4.82,3.99,1.38,0.24,0
3235,4.53,3.14,1.34,0.23,0
3236,5.25,3.13,1.42,0.24,0
3237,4.98,3.92,1.53,0.24,0
3238,5.78,3.1,3.62,1.54,0
3239,6.67,2.7,4.44,0.94,0
3240,5.79,2.77,5.06,1.39,0
3241,6.11,2.71,4.12,1.47,0
3242,5.4,2.72,4.06,1.27,0
3243,5.17,2.35,4.17,1.14,0
3244,6.46,2.91,4.53,1.36,0
3245,5.88,2.49,3.61,1.3,0
3246,5.9,2.75,4.67,1.15,0
3247,5.56,2.96,4.15,1.41,0
3248,7.52,3.0,5.13,2.64,0
3249,7.66,3.19,6.24,2.0,0
3250,8.1,3.03,5.73,2.44,0
3251,6.77,3.14,5.02,2.27,0
3252,6.08,3.44,5.42,2.49,0
3253,5.85,2.94,5.28,1.54,0
3254,5.09,2.86,6.8,2.75,0
3255,6.89,3.23,6.52,2.21,0
3256,6.54,2.78,6.52,2.09,0
3257,5.58,3.05,6.16,1.85,0
3258,4.72,2.91,1.17,0.12,0
3259,4.97,3.23,1.47,0.25,0
3260,5.19,3.6,1.35,0.39,0
3261,4.98,3.19,1.6,0.33,0
3262,5.4,3.6,1.43,0.21,0
3263,5.18,3.05,1.51,0.38,0
3264,4.89,3.76,1.54,0.33,0
3265,5.15,3.58,1.51,0.31,0
3266,6.45,2.4,4.06,1.2,0
3267,6.37,3.11,3.89,1.39,0
3268,6.57,2.88,4.26,1.63,0
3269,6.14,3.05,4.03,1.75,0
3270,5.69,2.75,4.81,1.34,0
3271,5.37,3.26,4.13,1.2,0
3272,5.16,2.81,4.18,1.15,0
3273,6.28,2.43,4.67,1.14,0
3274,5.59,3.53,4.41,1.56,0
3275,5.64,3.03,4.52,1.56,0
3276,6.69,2.47,4.39,1.06,0
3277,5.59,3.21,4.32,1.3,0
3278,5.93,2.84,4.98,2.48,0
3279,5.35,2.74,5.84,2.42,0
3280,6.15,2.3,4.85,2.13,0
3281,7.7,2.87,5.33,1.71,0
3282,6.51,3.02,5.58,1.93,0
3283,6.32,3.49,4.76,2.36,0
3284,6.34,3.45,5.68,2.23,0
3285,6.91,3.15,5.3,1.99,0
3286,5.05,3.06,1.39,0.29,0
3287,5.64,3.57,1.34,0.16,0
3288,5.22,3.13,1.31,0.2,0
3289,5.21,3.21,1.44,0.4,0
3290,5.21,3.81,1.3,0.37,0
3291,5.04,3.09,1.5,0.3,0
3292,4.59,3.69,1.66,0.26,0
3293,5.34,3.45,1.52,0.09,0
3294,5.54,2.18,4.29,1.35,0
3295,5.18,2.99,4.51,1.43,0
3296,4.53,2.52,4.06,1.3,0
3297,5.16,2.15,4.23,1.2,0
3298,5.93,2.57,4.0,1.51,0
3299,5.78,2.37,3.95,1.36,0
3300,6.31,2.65,4.38,1.11,0
3301,6.32,3.01,4.76,1.32,0
3302,5.89,3.3,3.71,1.36,0
3303,5.09,2.56,3.9,0.94,0
3304,6.25,2.65,5.09,1.88,0
3305,6.65,2.99,5.2,1.52,0
3306,7.26,3.15,6.11,1.96,0
3307,5.33,2.6,5.52,2.36,0
3308,6.53,2.94,4.9,1.72,0
3309,6.24,3.05,5.05,1.83,0
3310,6.58,3.02,5.86,2.47,0
3311,6.8,3.04,5.39,2.12,0
3312,6.57,3.12,5.59,1.82,0
3313,4.51,3.45,1.42,0.15,0
3314,5.77,3.48,1.48,0.22,0
3315,5.38,3.77,1.33,0.05,0
3316,4.95,3.88,1.41,0.3,0
3317,5.34,3.44,1.21,0.37,0
3318,5.14,3.32,1.5,0.18,0
3319,5.06,3.93,1.59,0.41,0
3320,5.22,3.31,1.36,0.16,0
3321,4.65,4.06,1.33,0.36,0
3322,5.01,2.92,1.59,0.27,0
3323,5.8,2.55,4.76,1.22,0
3324,5.43,2.93,3.62,1.43,0
3325,5.12,2.68,4.75,1.49,0
3326,7.13,3.56,4.23,1.55,0
3327,5.49,3.04,3.79,1.5,0
3328,6.15,2.69,4.8,1.28,0
3329,6.27,2.53,4.22,1.52,0
3330,6.46,2.73,3.9,1.2,0
3331,7.12,3.2,5.64,2.06,0
3332,6.31,2.69,6.0,2.18,0
3333,6.53,2.63,6.0,1.82,0
3334,6.97,3.15,5.01,2.65,0
3335,5.71,2.63,3.72,1.87,0
3336,6.9,2.69,5.4,2.08,0
3337,5.82,2.82,6.48,1.38,0
3338,5.95,3.23,5.35,2.7,0
3339,6.63,2.46,6.47,1.97,0
3340,5.25,4.05,1.4,0.16,0
3341,5.32,3.61,1.19,0.24,0
3342,4.78,3.35,1.63,0.28,0
3343,5.76,2.82,1.61,0.12,0
3344,5.06,3.03,1.33,0.24,0
3345,5.09,3.23,1.33,0.24,0
3346,4.82,3.14,1.37,0.32,0
3347,5.25,3.18,1.58,0.32,0
3348,5.0,3.49,1.23,0.28,0
3349,5.51,3.56,1.45,0.32,0
3350,5.27,3.16,1.87,0.32,0
3351,5.34,3.24,1.53,0.33,0
3352,5.75,3.21,3.93,1.39,0
3353,6.24,2.64,3.91,1.41,0
3354,6.37,2.86,4.96,1.48,0
3355,5.32,3.24,4.4,1.43,0
3356,5.26,3.18,4.14,1.23,0
3357,4.86,3.16,4.11,1.53,0
3358,5.36,2.53,3.76,1.65,0
3359,4.79,2.58,3.98,1.29,0
3360,6.39,2.87,3.79,1.29,0
3361,6.0,3.0,3.72,1.35,0
3362,6.75,2.43,3.02,1.36,0
3363,6.79,3.03,5.85,2.07,0
3364,8.45,2.91,5.68,2.18,0
3365,6.93,3.28,5.06,1.71,0
3366,6.05,3.31,5.18,1.83,0
3367,5.78,3.04,5.78,1.39,0
3368,6.41,2.96,5.34,2.06,0
3369,6.63,3.45,5.41,1.77,0
3370,5.64,3.15,6.31,1.54,0
3371,5.95,3.0,4.94,2.21,0
3372,5.46,3.98,1.5,0.21,0
3373,5.47,3.67,1.65,0.22,0
3374,5.07,3.41,1.09,0.41,0
3375,5.06,3.48,1.81,0.27,0
3376,5.27,3.15,1.47,0.16,0
3377,5.32,2.58,1.23,0.23,0
3378,5.35,3.27,1.61,0.27,0
3379,5.07,3.5,1.49,0.32,0
3380,4.96,3.12,1.33,0.21,0
3381,4.58,3.82,1.62,0.29,0
3382,5.9,3.23,3.38,1.05,0
3383,5.41,3.39,4.59,1.07,0
3384,5.83,2.74,3.81,1.25,0
3385,5.72,2.82,4.39,1.32,0
3386,4.93,2.55,4.9,1.3,0
3387,6.03,3.18,3.49,1.28,0
3388,5.22,3.11,4.41,1.4,0
3389,6.19,2.65,4.19,1.4,0
3390,6.32,2.56,3.3,1.3,0
3391,5.24,3.03,4.34,1.3,0
3392,6.5,2.64,3.86,1.4,0
3393,5.77,2.91,3.54,1.32,0
3394,6.41,2.38,5.09,1.79,0
3395,5.84,3.17,6.28,2.19,0
3396,6.62,3.32,5.89,1.41,0
3397,7.16,2.87,4.7,2.03,0
3398,6.58,3.14,5.38,2.05,0
3399,7.14,3.58,5.33,2.3,0
3400,6.55,2.55,4.78,2.25,0
3401,7.51,3.45,5.64,2.21,0
3402,4.94,3.66,1.34,0.12,0
3403,4.93,3.0,1.2,0.34,0
3404,4.67,2.74,1.43,0.22,0
3405,4.43,3.74,1.51,0.21,0
3406,5.04,4.03,1.05,0.36,0
3407,5.08,2.79,1.66,0.38,0
3408,5.16,3.34,1.5,0.24,0
3409,5.1,3.13,1.48,0.22,0
3410,4.31,3.65,1.29,0.34,0
3411,4.88,2.71,4.57,1.19,0
3412,5.42,2.6,4.84,1.5,0
3413,5.46,2.22,4.7,1.3,0
3414,6.23,3.17,4.08,1.16,0
3415,6.07,2.73,4.12,1.54,0
3416,4.96,2.64,4.41,1.01,0
3417,7.04,2.65,3.82,1.21,0
3418,5.84,3.04,4.34,1.64,0
3419,5.59,2.57,4.56,1.4,0
3420,6.28,2.95,3.87,1.23,0
3421,5.62,3.31,5.54,1.91,0
3422,4.87,3.07,5.63,2.13,0
3423,7.08,2.88,5.49,1.64,0
3424,6.15,2.98,4.33,1.9,0
3425,6.61,3.06,6.24,1.71,0
3426,5.66,2.3,5.01,1.86,0
3427,7.65,3.21,6.5,2.26,0
3428,6.33,3.12,5.88,1.95,0
3429,4.8,3.38,1.36,0.26,0
3430,4.77,3.59,1.49,0.38,0
3431,5.1,3.29,1.66,0.26,0
3432,5.66,3.2,1.35,0.12,0
3433,5.25,3.51,1.36,0.13,0
3434,5.09,3.74,1.19,0.18,0
3435,5.31,3.74,1.34,0.23,0
3436,4.66,3.4,1.48,0.2,0
3437,6.05,2.04,3.25,0.99,0
3438,5.4,2.8,3.22,1.38,0
3439,5.74,2.28,3.36,1.27,0
3440,6.22,3.08,4.18,1.48,0
3441,5.79,2.51,4.14,1.21,0
3442,6.43,2.14,4.03,1.22,0
3443,5.47,2.95,3.94,1.88,0
3444,5.61,2.85,4.69,1.15,0
3445,6.09,3.31,5.52,1.99,0
3446,7.63,3.4,6.37,2.32,0
3447,6.19,2.15,4.38,1.64,0
3448,6.62,3.23,5.98,1.85,0
3449,6.71,3.18,4.75,2.39,0
3450,6.41,3.21,5.26,2.3,0
3451,7.25,2.39,6.24,1.8,0
3452,5.72,2.73,5.23,1.93,0
3453,4.74,3.24,1.63,0.34,0
3454,5.51,3.62,1.55,0.1,0
3455,5.14,2.83,1.66,0.15,0
3456,5.09,3.56,1.66,0.22,0
3457,5.26,3.39,1.36,0.37,0
3458,5.24,3.03,1.62,0.24,0
3459,5.38,3.2,1.73,0.38,0
3460,5.15,3.36,1.67,0.18,0
3461,5.39,2.96,1.51,0.37,0
3462,4.73,3.09,1.35,-0.0,0
3463,4.81,3.59,0.94,0.31,0
3464,4.86,3.82,1.44,0.19,0
3465,6.2,2.92,4.55,1.38,0
3466,5.82,2.26,3.55,1.03,0
3467,6.55,2.53,3.55,1.62,0
3468,5.59,2.56,3.86,1.37,0
3469,6.31,2.86,4.4,1.18,0
3470,6.34,3.23,4.57,1.66,0
3471,6.4,2.68,3.44,1.32,0
3472,5.7,3.05,4.4,1.02,0
3473,6.83,3.08,4.12,2.77,0
3474,5.49,2.63,6.07,2.34,0
3475,6.23,2.92,5.36,2.35,0
3476,5.78,3.06,5.95,2.0,0
3477,7.13,3.19,6.01,1.86,0
3478,6.11,2.99,5.72,1.86,0
3479,5.77,3.08,5.59,2.07,0
3480,6.06,3.68,5.26,2.21,0
3481,5.05,3.53,1.56,0.26,0
3482,5.04,3.37,1.18,0.13,0
3483,4.54,4.14,1.64,0.16,0
3484,5.54,3.62,1.61,0.21,0
3485,5.26,3.52,1.34,0.17,0
3486,4.81,3.59,1.59,0.13,0
3487,5.08,3.34,1.5,0.43,0
3488,5.03,3.59,1.28,0.44,0
3489,5.23,3.7,1.24,0.09,0
3490,5.04,3.68,1.56,0.24,0
3491,5.66,3.71,1.15,0.4,0
3492,5.37,3.22,1.72,0.3,0
3493,5.78,2.87,4.34,1.27,0
3494,5.58,2.6,4.11,1.39,0
3495,5.84,2.99,3.96,1.11,0
3496,6.2,3.16,4.49,1.22,0
3497,5.62,2.73,4.02,1.11,0
3498,5.52,2.88,3.95,0.84,0
3499,6.41,2.37,4.36,0.81,0
3500,6.41,3.27,4.47,1.39,0
3501,5.63,3.33,4.13,1.34,0
3502,5.94,2.15,4.09,1.42,0
3503,5.75,2.46,4.22,1.21,0
3504,5.64,2.77,6.06,1.48,0
3505,7.18,2.97,6.03,1.91,0
3506,7.13,3.31,5.0,2.19,0
3507,6.81,3.15,5.19,1.95,0
3508,7.12,2.38,5.11,1.89,0
3509,6.35,2.7,4.67,2.11,0
3510,7.32,3.0,6.48,1.67,0
3511,6.6,3.05,5.58,2.18,0
3512,7.17,3.34,5.77,2.33,0
3513,4.34,3.39,1.5,0.26,0
3514,5.46,4.04,1.53,0.23,0
3515,5.57,2.84,1.47,0.3,0
3516,4.65,3.83,1.54,0.27,0
3517,5.18,3.28,1.61,0.13,0
3518,4.89,3.22,1.3,0.21,0
3519,4.61,3.48,1.47,0.22,0
3520,5.15,2.81,1.33,0.31,0
3521,6.52,3.0,4.34,1.19,0
3522,5.63,2.99,4.08,1.11,0
3523,5.68,3.51,5.08,1.52,0
3524,6.48,3.27,4.79,1.69,0
3525,5.57,2.77,4.04,1.27,0
3526,5.59,3.27,4.09,1.85,0
3527,6.53,2.77,4.23,1.34,0
3528,5.41,2.67,4.06,1.41,0
3529,5.47,3.12,3.54,1.31,0
3530,5.83,2.25,3.79,1.18,0
3531,5.8,2.67,4.43,1.42,0
3532,5.63,3.05,4.31,1.32,0
3533,6.65,3.17,4.93,1.99,0
3534,5.69,3.46,6.85,2.0,0
3535,6.48,2.94,6.68,2.24,0
3536,6.93,2.99,5.52,2.8,0
3537,6.09,2.66,6.27,2.01,0
3538,6.66,2.88,5.83,2.46,0
3539,8.52,2.38,6.14,2.23,0
3540,6.39,3.14,6.18,2.01,0
3541,6.41,3.24,5.41,2.16,0
3542,6.35,2.77,5.08,1.98,0
3543,6.18,3.01,6.01,2.58,0
3544,6.51,2.92,5.35,2.22,0
3545,5.49,2.78,1.02,0.1,0
3546,5.25,3.76,1.6,0.09,0
3547,5.41,4.11,1.46,0.24,0
3548,5.53,3.33,1.39,0.16,0
3549,4.85,3.4,1.64,0.29,0
3550,4.39,3.27,1.48,0.01,0
3551,4.92,3.66,1.21,0.08,0
3552,4.89,4.11,1.39,0.24,0
3553,5.27,3.4,1.56,0.27,0
3554,5.12,3.36,1.39,0.07,0
3555,4.79,3.17,1.44,0.26,0
3556,6.18,2.36,5.0,1.34,0
3557,7.11,2.93,4.69,1.62,0
3558,6.42,2.17,3.68,1.23,0
3559,5.81,2.51,4.19,1.49,0
3560,6.06,2.7,4.48,1.35,0
3561,5.13,2.72,3.66,1.19,0
3562,6.78,2.69,3.97,1.2,0
3563,5.36,3.13,4.07,1.59,0
3564,4.56,2.5,3.9,1.2,0
3565,6.05,2.94,5.01,1.31,0
3566,4.72,2.86,4.09,1.24,0
3567,6.63,2.68,5.58,1.85,0
3568,6.22,2.49,6.11,2.58,0
3569,5.08,2.67,4.87,2.09,0
3570,7.24,3.6,5.99,1.99,0
3571,6.45,2.34,5.04,2.49,0
3572,7.39,2.87,6.32,1.8,0
3573,6.42,2.75,4.82,1.92,0
3574,7.12,3.09,4.97,1.95,0
3575,6.97,3.07,5.5,1.56,0
3576,6.91,3.23,5.98,1.99,0
